My score: 0
MYGUESSES
0  
0  
0  
0  
0  
-1  
-1  
Pescepcies
1
0
1
1
3
-1
-1
My score: -3
My score: -3
A0
5 5 0.000000 0.000000 0.324720 0.288843 0.380995 0.000000 0.968415 0.000000 0.031585 0.000000 0.706325 0.000000 0.291615 0.000000 0.000057 0.665193 0.000000 0.000000 0.334806 0.000001 0.022497 0.095381 0.171001 0.000000 0.622525

B0
5 9 0.000000 0.000000 0.000000 0.000000 0.000000 0.000000 0.000000 1.000000 0.000000 0.392249 0.031585 0.142133 0.000000 0.000000 0.000000 0.323485 0.000000 0.110548 0.000000 0.959975 0.000000 0.000000 0.000000 0.000000 0.000000 0.040025 0.000000 0.000000 0.000000 0.000000 0.000000 0.000000 0.000000 1.000000 0.000000 0.000000 0.110869 0.000000 0.000000 0.000000 0.000000 0.000000 0.000000 0.889131 0.000000

pi0
0  1  0  0  3.51383e-127  
timestep99
A1
5 5 0.272430 0.641572 0.045589 0.011399 0.000000 0.000415 0.200150 0.000000 0.799405 0.000000 0.000036 0.000000 0.000000 0.356201 0.643763 0.637148 0.000054 0.000006 0.347318 0.000000 0.000000 0.000000 0.054452 0.000000 0.945548

B1
5 9 0.906850 0.093096 0.000000 0.000054 0.000000 0.000000 0.000000 0.000000 0.000000 0.087831 0.002970 0.000000 0.795541 0.113659 0.000000 0.000000 0.000000 0.000000 0.000000 0.643821 0.356179 0.000000 0.000000 0.000000 0.000000 0.000000 0.000000 0.918803 0.081195 0.000000 0.000001 0.000000 0.000000 0.000000 0.000000 0.000000 0.180763 0.186565 0.000000 0.000000 0.000000 0.000000 0.241018 0.391654 0.000000

pi1
1  6.14364e-65  0  8.02392e-60  0  
timestep99
A2
5 5 0.194360 0.200726 0.203250 0.199639 0.202025 0.208047 0.210765 0.204723 0.207917 0.168548 0.208896 0.187662 0.211848 0.194993 0.196601 0.199670 0.207556 0.209748 0.202798 0.180229 0.219616 0.209918 0.195034 0.200794 0.174638

B2
5 9 0.111842 0.104837 0.106773 0.111409 0.118426 0.113840 0.104360 0.111507 0.117006 0.110244 0.109876 0.115246 0.106830 0.113388 0.105514 0.117650 0.112341 0.108911 0.112376 0.110625 0.115303 0.108642 0.104366 0.114293 0.111319 0.112901 0.110175 0.108172 0.115000 0.111985 0.105118 0.111948 0.113780 0.105476 0.114646 0.113874 0.109966 0.114779 0.113971 0.114554 0.112571 0.115951 0.110203 0.112119 0.095886

pi2
0.209697  0.196765  0.207951  0.192721  0.192866  
timestep99
A3
5 5 0.476886 0.000000 0.000000 0.000000 0.495477 0.000000 0.909921 0.054411 0.000000 0.035669 0.395632 0.000000 0.575090 0.003149 0.000476 0.139156 0.148380 0.124893 0.000000 0.587570 0.000022 0.000000 0.183553 0.739004 0.070369

B3
5 9 0.000199 0.000000 0.747899 0.000000 0.000000 0.251897 0.000000 0.000000 0.000004 0.055996 0.029500 0.000000 0.000000 0.000000 0.000000 0.265502 0.442503 0.206499 0.000000 0.000000 0.939275 0.000000 0.000000 0.000000 0.000000 0.000000 0.060725 0.282124 0.000000 0.000000 0.000000 0.000000 0.645620 0.000000 0.072257 0.000000 0.117605 0.000000 0.400006 0.482389 0.000000 0.000000 0.000000 0.000000 0.000000

pi3
0  1  0  1.58754e-115  0  
timestep99
A4
5 5 0.213975 0.193074 0.203066 0.214261 0.175624 0.193769 0.206431 0.196129 0.186131 0.217540 0.192360 0.198837 0.202790 0.204393 0.201620 0.193238 0.212226 0.205703 0.197569 0.191264 0.199610 0.193168 0.206072 0.198608 0.202541

B4
5 9 0.113429 0.108894 0.110570 0.115447 0.117178 0.113142 0.114640 0.106920 0.099780 0.116243 0.115885 0.113173 0.108121 0.109336 0.103332 0.108453 0.112622 0.112835 0.105358 0.110938 0.111594 0.111142 0.107853 0.114168 0.106533 0.111153 0.121261 0.112579 0.108854 0.108240 0.116485 0.110189 0.108064 0.111264 0.118302 0.106024 0.108868 0.110327 0.111182 0.115902 0.112421 0.108193 0.106713 0.119507 0.106888

pi4
0.197471  0.19398  0.20293  0.201854  0.203765  
timestep99
A5
5 5 0.201604 0.189960 0.206420 0.193501 0.208515 0.181708 0.196615 0.199078 0.194502 0.228097 0.193850 0.193467 0.197249 0.210324 0.205111 0.203036 0.204056 0.216486 0.204850 0.171572 0.195883 0.198036 0.199284 0.208998 0.197800

B5
5 9 0.109990 0.121478 0.111565 0.109037 0.120160 0.117152 0.109970 0.112705 0.087944 0.103685 0.115283 0.106699 0.111784 0.103982 0.105690 0.105991 0.115246 0.131640 0.113807 0.114348 0.110704 0.111298 0.117681 0.116162 0.118003 0.117085 0.080912 0.110491 0.112311 0.117012 0.110489 0.101453 0.113468 0.115757 0.112314 0.106705 0.109883 0.110492 0.116713 0.107007 0.116906 0.117600 0.107590 0.112154 0.101657

pi5
0.203598  0.202903  0.198867  0.19538  0.199252  
timestep99
SEE my obs0
7 7 7 7 7 0 0 0 0 1 7 6 1 7 7 0 0 0 0 0 0 0 0 1 0 0 0 0 1 8 8 0 8 6 0 8 8 0 0 6 6 0 6 7 7 7 1 7 1 6 7 7 1 7 0 0 8 2 8 0 8 6 2 0 6 6 8 8 8 2 0 0 6 0 6 8 7 6 7 7 7 7 1 6 7 7 0 1 7 6 7 7 6 0 0 1 0 7 7 
SEE my alphas0
-460.055 -nan -217.643 -212.229 -217.273 -217.941 
my confidence: -nan
SEE my obs1
3 3 3 0 0 0 0 0 3 3 3 1 0 1 2 2 7 6 7 7 7 7 7 7 7 7 3 0 2 0 5 5 2 2 2 2 5 2 2 2 2 7 7 7 0 1 2 2 5 2 5 2 2 2 7 7 7 7 7 6 7 7 7 3 0 7 7 7 7 7 6 7 7 2 2 2 2 0 0 3 1 0 4 0 0 5 7 7 7 7 7 7 7 7 0 0 7 7 0 
SEE my alphas1
-nan -nan -216.912 -nan -216.633 -216.37 
my confidence: -nan
SEE my obs2
0 0 3 4 0 3 0 3 0 1 1 0 0 0 0 2 0 3 3 1 0 3 3 0 0 0 0 0 0 0 3 0 3 2 2 7 7 7 2 2 2 2 5 2 5 2 2 2 2 5 1 7 7 7 7 7 1 7 7 7 7 7 7 1 0 3 1 3 0 0 0 0 4 3 0 0 1 3 1 1 7 1 7 1 7 6 7 7 7 6 3 0 3 0 0 0 3 4 0 
SEE my alphas2
-nan -nan -217.486 -nan -216.791 -216.971 
my confidence: -nan
SEE my obs3
7 0 0 0 0 0 0 1 0 0 3 0 3 0 0 0 7 0 7 7 7 2 2 2 2 7 1 1 0 1 7 1 0 1 3 0 1 2 2 2 2 6 1 7 7 1 6 7 7 7 7 1 7 7 6 7 7 6 2 2 2 2 2 2 0 2 0 2 0 0 0 1 0 0 0 0 0 0 0 0 0 0 0 0 0 1 1 6 6 6 6 7 7 6 6 6 1 6 7 
SEE my alphas3
-nan -1455.35 -217.417 -229.499 -217.163 -216.821 
my confidence: 0.0341937
SEE my obs4
6 6 7 0 0 0 0 0 0 1 0 0 0 0 3 0 0 0 0 0 1 7 7 7 7 7 1 6 6 6 6 0 2 8 0 8 8 8 6 1 2 6 6 0 6 8 6 2 0 6 8 6 8 7 0 0 8 2 8 2 6 2 8 0 0 8 8 6 6 0 6 0 0 2 6 6 2 0 8 8 0 6 0 8 0 8 8 0 0 8 6 2 2 8 2 6 6 8 6 
SEE my alphas4
-nan -nan -218.057 -450.472 -217.97 -219.215 
my confidence: -nan
SEE my obs5
0 0 3 1 0 3 0 3 0 0 0 0 3 0 0 0 2 5 2 2 2 2 2 0 0 0 3 0 3 0 1 0 0 6 1 7 5 0 3 3 1 1 0 4 0 0 0 0 0 2 2 2 0 0 1 3 3 4 0 3 2 0 2 2 5 5 1 0 0 0 0 0 0 3 3 0 0 0 7 0 2 2 2 2 2 2 2 2 5 5 5 3 0 1 3 1 1 0 3 
SEE my alphas5
-nan -nan -217.626 -nan -217.248 -217.422 
my confidence: -nan
SEE my obs6
2 2 0 0 6 2 2 0 2 6 2 6 0 0 0 0 0 0 0 1 7 7 6 7 0 0 0 0 1 0 1 0 0 1 7 0 1 1 0 7 6 6 1 0 0 0 8 0 8 7 7 6 6 1 7 1 7 1 7 7 7 7 6 6 0 7 0 0 0 1 6 7 1 0 0 0 0 7 0 1 0 0 6 6 7 6 7 7 6 7 0 0 6 6 0 8 0 2 8 
SEE my alphas6
-313.002 -nan -217.626 -560.465 -217.339 -217.331 
my confidence: -nan
SEE my obs7
0 3 1 0 0 0 3 3 0 0 0 0 0 0 0 0 0 2 5 2 2 2 5 2 2 7 7 7 7 7 7 7 7 7 7 7 1 7 7 7 7 7 7 2 2 2 3 3 0 0 0 0 0 4 0 0 3 1 3 0 3 4 3 0 1 3 0 0 0 0 3 5 5 3 0 0 0 0 0 0 3 0 0 0 0 3 0 0 3 0 1 0 3 4 0 3 0 7 6 
SEE my alphas7
-nan -nan -217.592 -nan -216.788 -217.423 
my confidence: -nan
SEE my obs8
0 0 0 0 0 0 7 6 6 2 6 0 2 6 2 0 6 0 2 8 0 6 0 2 6 0 0 6 8 6 1 6 7 7 7 7 7 7 7 7 7 7 7 1 6 0 6 7 6 6 7 1 6 7 0 0 1 0 3 0 0 0 0 1 0 0 0 0 0 0 0 0 0 0 0 0 0 0 0 0 0 0 0 0 1 0 0 7 0 1 0 6 7 7 7 7 0 6 6 
SEE my alphas8
-nan -nan -217.683 -409.965 -217.281 -217.488 
my confidence: -nan
SEE my obs9
1 2 2 2 2 2 2 2 6 0 0 6 6 6 3 0 1 0 0 1 3 0 0 3 0 1 6 6 7 7 7 6 0 7 7 7 1 6 7 7 1 1 7 7 7 7 7 7 7 7 7 7 6 6 6 7 6 6 7 7 0 6 1 6 0 1 6 7 1 1 7 7 6 1 0 7 7 7 6 7 1 2 2 2 7 6 1 7 7 7 1 6 7 7 7 7 7 7 6 
SEE my alphas9
-nan -920.091 -217.237 -206.087 -216.909 -216.088 
my confidence: 1.00008
SEE my obs10
1 3 0 0 0 1 0 0 3 0 3 2 5 5 7 7 7 7 2 5 2 7 7 7 0 0 0 3 4 2 0 0 0 0 7 7 1 0 0 7 7 6 7 7 7 7 7 7 7 7 6 7 7 6 7 6 7 7 1 0 0 0 3 1 3 0 0 4 3 0 0 4 1 0 1 0 1 0 0 0 7 6 1 7 1 5 2 2 5 7 7 2 2 2 2 2 2 0 0 
SEE my alphas10
-nan -nan -217.214 -nan -216.866 -216.648 
my confidence: -nan
SEE my obs11
0 2 2 2 2 2 2 0 0 4 0 2 2 2 2 2 7 7 7 3 3 3 0 0 1 3 3 2 2 2 5 2 2 7 1 7 6 7 6 7 7 7 7 6 6 7 0 0 7 7 0 0 0 4 2 2 7 0 7 7 7 0 0 0 0 0 0 3 0 4 0 3 3 0 3 0 7 4 7 6 7 7 7 7 7 7 1 7 7 6 7 7 1 0 3 0 0 0 0 
SEE my alphas11
-nan -nan -217.206 -nan -216.737 -216.836 
my confidence: -nan
SEE my obs12
0 0 2 2 6 1 0 1 1 6 1 7 6 6 6 8 8 7 0 7 0 0 6 6 8 6 6 0 0 0 8 0 6 8 2 6 8 6 1 6 6 2 6 6 0 6 0 6 6 8 0 7 7 7 7 6 6 7 7 7 6 7 6 2 8 7 7 1 6 1 0 0 6 8 2 8 8 8 0 8 8 6 0 0 8 2 1 7 1 1 0 0 0 8 7 0 0 0 1 
SEE my alphas12
-406.502 -nan -217.913 -456.845 -217.79 -218.361 
my confidence: -nan
SEE my obs13
8 2 8 3 2 2 0 0 5 2 5 2 7 7 6 8 8 2 7 6 7 7 6 0 0 0 6 5 3 2 7 5 2 5 0 2 3 2 2 2 0 2 2 5 2 0 2 2 0 0 2 2 0 2 2 2 2 2 2 3 3 5 0 0 2 8 6 7 7 7 7 7 7 7 6 7 0 2 0 2 2 2 2 2 0 5 5 2 2 2 5 2 2 2 2 5 0 6 6 
SEE my alphas13
-nan -nan -216.996 -238.377 -217.496 -217.079 
my confidence: -nan
SEE my obs14
8 6 8 6 2 6 0 6 0 2 8 6 6 6 6 6 7 7 8 2 2 6 0 7 7 1 1 7 7 7 1 7 0 0 0 0 6 2 0 6 2 0 6 2 0 6 0 8 0 7 7 7 6 7 7 1 7 7 6 1 7 0 8 0 0 0 8 0 0 2 6 8 0 6 0 1 1 0 0 2 0 0 8 0 6 0 2 6 0 2 2 2 0 6 7 7 6 7 6 
SEE my alphas14
-253.399 -nan -217.647 -451.535 -217.544 -217.754 
my confidence: -nan
SEE my obs15
1 7 0 0 0 6 8 6 0 0 6 8 8 6 8 7 6 7 7 6 7 7 7 7 7 1 7 1 7 0 6 6 6 6 6 6 1 0 0 0 0 0 0 0 0 2 7 6 0 0 0 0 0 0 0 0 0 0 1 7 6 1 0 7 7 7 1 7 1 7 7 6 1 1 7 6 0 6 2 8 7 7 7 7 1 7 0 0 0 6 1 7 6 7 6 1 6 7 7 
SEE my alphas15
-408.631 -nan -217.582 -207.556 -217.213 -217.123 
my confidence: -nan
MYGUESSES
-1  
-1  
-1  
-1  
-1  
-1  
-1  
-1  
-1  
3  
-1  
-1  
-1  
-1  
-1  
-1  
Pescepcies
-1
-1
-1
-1
-1
-1
-1
-1
-1
1
-1
-1
-1
-1
-1
-1
My score: -4
My score: -4
A0
5 5 0.000000 0.000000 0.324720 0.288843 0.380995 0.000000 0.968415 0.000000 0.031585 0.000000 0.706325 0.000000 0.291615 0.000000 0.000057 0.665193 0.000000 0.000000 0.334806 0.000001 0.022497 0.095381 0.171001 0.000000 0.622525

B0
5 9 0.000000 0.000000 0.000000 0.000000 0.000000 0.000000 0.000000 1.000000 0.000000 0.392249 0.031585 0.142133 0.000000 0.000000 0.000000 0.323485 0.000000 0.110548 0.000000 0.959975 0.000000 0.000000 0.000000 0.000000 0.000000 0.040025 0.000000 0.000000 0.000000 0.000000 0.000000 0.000000 0.000000 1.000000 0.000000 0.000000 0.110869 0.000000 0.000000 0.000000 0.000000 0.000000 0.000000 0.889131 0.000000

pi0
0  1  0  0  3.51383e-127  
timestep99
A1
5 5 0.000000 0.499003 0.500997 0.000000 0.000000 0.000000 0.000000 0.000000 1.000000 0.000000 0.000000 0.063702 0.736888 0.064466 0.133247 1.000000 0.000000 0.000000 0.000000 0.000000 0.000000 0.000000 0.016379 0.000000 0.969365

B1
5 9 0.332169 0.667831 0.000000 0.000000 0.000000 0.000000 0.000000 0.000000 0.000000 0.250000 0.000000 0.000000 0.750000 0.000000 0.000000 0.000000 0.000000 0.000000 0.000000 0.000000 0.637025 0.000000 0.000000 0.000000 0.362975 0.000000 0.000000 1.000000 0.000000 0.000000 0.000000 0.000000 0.000000 0.000000 0.000000 0.000000 0.058452 0.160886 0.000000 0.000000 0.000000 0.000000 0.224113 0.556548 0.000000

pi1
1  0  0  0  0  
timestep99
A2
5 5 0.194360 0.200726 0.203250 0.199639 0.202025 0.208047 0.210765 0.204723 0.207917 0.168548 0.208896 0.187662 0.211848 0.194993 0.196601 0.199670 0.207556 0.209748 0.202798 0.180229 0.219616 0.209918 0.195034 0.200794 0.174638

B2
5 9 0.111842 0.104837 0.106773 0.111409 0.118426 0.113840 0.104360 0.111507 0.117006 0.110244 0.109876 0.115246 0.106830 0.113388 0.105514 0.117650 0.112341 0.108911 0.112376 0.110625 0.115303 0.108642 0.104366 0.114293 0.111319 0.112901 0.110175 0.108172 0.115000 0.111985 0.105118 0.111948 0.113780 0.105476 0.114646 0.113874 0.109966 0.114779 0.113971 0.114554 0.112571 0.115951 0.110203 0.112119 0.095886

pi2
0.209697  0.196765  0.207951  0.192721  0.192866  
timestep99
A3
5 5 0.476886 0.000000 0.000000 0.000000 0.495477 0.000000 0.909921 0.054411 0.000000 0.035669 0.395632 0.000000 0.575090 0.003149 0.000476 0.139156 0.148380 0.124893 0.000000 0.587570 0.000022 0.000000 0.183553 0.739004 0.070369

B3
5 9 0.000199 0.000000 0.747899 0.000000 0.000000 0.251897 0.000000 0.000000 0.000004 0.055996 0.029500 0.000000 0.000000 0.000000 0.000000 0.265502 0.442503 0.206499 0.000000 0.000000 0.939275 0.000000 0.000000 0.000000 0.000000 0.000000 0.060725 0.282124 0.000000 0.000000 0.000000 0.000000 0.645620 0.000000 0.072257 0.000000 0.117605 0.000000 0.400006 0.482389 0.000000 0.000000 0.000000 0.000000 0.000000

pi3
0  1  0  1.58754e-115  0  
timestep99
A4
5 5 0.213975 0.193074 0.203066 0.214261 0.175624 0.193769 0.206431 0.196129 0.186131 0.217540 0.192360 0.198837 0.202790 0.204393 0.201620 0.193238 0.212226 0.205703 0.197569 0.191264 0.199610 0.193168 0.206072 0.198608 0.202541

B4
5 9 0.113429 0.108894 0.110570 0.115447 0.117178 0.113142 0.114640 0.106920 0.099780 0.116243 0.115885 0.113173 0.108121 0.109336 0.103332 0.108453 0.112622 0.112835 0.105358 0.110938 0.111594 0.111142 0.107853 0.114168 0.106533 0.111153 0.121261 0.112579 0.108854 0.108240 0.116485 0.110189 0.108064 0.111264 0.118302 0.106024 0.108868 0.110327 0.111182 0.115902 0.112421 0.108193 0.106713 0.119507 0.106888

pi4
0.197471  0.19398  0.20293  0.201854  0.203765  
timestep99
A5
5 5 0.201604 0.189960 0.206420 0.193501 0.208515 0.181708 0.196615 0.199078 0.194502 0.228097 0.193850 0.193467 0.197249 0.210324 0.205111 0.203036 0.204056 0.216486 0.204850 0.171572 0.195883 0.198036 0.199284 0.208998 0.197800

B5
5 9 0.109990 0.121478 0.111565 0.109037 0.120160 0.117152 0.109970 0.112705 0.087944 0.103685 0.115283 0.106699 0.111784 0.103982 0.105690 0.105991 0.115246 0.131640 0.113807 0.114348 0.110704 0.111298 0.117681 0.116162 0.118003 0.117085 0.080912 0.110491 0.112311 0.117012 0.110489 0.101453 0.113468 0.115757 0.112314 0.106705 0.109883 0.110492 0.116713 0.107007 0.116906 0.117600 0.107590 0.112154 0.101657

pi5
0.203598  0.202903  0.198867  0.19538  0.199252  
timestep99
SEE my obs0
7 7 7 7 7 7 1 6 7 7 7 7 7 7 1 7 6 7 7 0 0 3 1 1 0 0 0 7 7 7 1 7 6 7 0 0 0 3 0 0 0 0 1 0 3 2 5 2 2 2 2 5 2 2 1 6 7 7 6 0 0 3 0 3 0 0 0 0 0 0 0 7 7 7 2 7 7 7 7 1 7 7 3 0 0 4 0 1 0 0 1 0 6 3 0 0 0 0 3 
SEE my alphas0
-nan -nan -217.334 -nan -216.737 -216.783 
my confidence: -nan
SEE my obs1
7 7 1 7 7 7 7 7 3 0 3 0 0 0 1 3 0 0 5 7 7 7 7 1 0 0 1 0 5 5 7 7 6 7 0 0 0 1 2 5 5 2 2 2 2 3 0 3 0 3 0 0 3 0 3 0 0 3 3 0 1 1 1 4 0 2 5 0 2 7 6 3 3 0 0 0 2 0 0 4 5 3 0 0 0 3 0 0 3 0 0 1 3 5 2 5 5 2 2 
SEE my alphas1
-nan -nan -217.497 -nan -217.007 -217.071 
my confidence: -nan
SEE my obs2
0 0 0 0 0 4 3 3 0 1 7 6 7 0 6 6 7 1 7 1 6 6 7 1 7 6 1 7 7 7 1 7 7 0 7 7 7 6 1 0 7 0 0 7 7 7 7 2 0 2 0 2 5 2 2 2 2 2 2 2 2 2 2 2 2 2 0 1 6 1 7 6 6 7 1 1 7 7 1 1 0 0 7 1 0 0 0 0 0 0 0 0 0 0 0 3 1 0 0 
SEE my alphas2
-nan -nan -217.289 -nan -217.066 -216.596 
my confidence: -nan
SEE my obs3
6 6 6 0 0 2 6 6 0 0 8 6 8 0 8 8 0 8 6 2 2 2 2 2 7 7 7 6 0 7 6 6 0 1 0 1 0 1 7 7 6 6 7 6 0 6 8 2 2 8 6 1 1 7 0 0 6 7 7 6 7 6 7 7 6 6 7 1 1 6 6 2 0 2 2 7 7 0 0 0 0 0 0 7 7 6 1 1 1 7 7 7 7 6 6 6 7 0 8 
SEE my alphas3
-383.072 -nan -217.606 -246.645 -217.492 -217.392 
my confidence: -nan
SEE my obs4
2 2 3 2 0 2 3 5 2 5 2 5 5 0 2 2 2 2 2 2 2 7 7 5 2 2 2 2 5 2 0 0 2 2 2 2 2 2 2 2 2 5 2 2 2 0 2 5 5 2 5 3 2 2 2 0 3 2 5 2 2 2 2 0 3 2 5 5 0 2 2 5 6 6 8 0 0 0 0 5 2 2 0 5 2 2 0 2 2 0 5 5 5 2 5 0 2 2 5 
SEE my alphas4
-nan -nan -216.719 -355.581 -217.799 -216.602 
my confidence: -nan
SEE my obs5
7 6 7 1 7 7 6 7 7 7 7 1 2 2 1 3 3 0 0 0 0 0 0 0 3 3 3 0 3 4 0 0 0 3 3 3 0 0 0 1 7 7 1 3 3 3 3 0 2 2 2 2 5 5 2 4 0 0 0 4 0 4 0 0 0 3 0 0 3 3 0 3 4 3 0 2 0 2 2 2 0 0 0 0 1 0 0 1 0 2 7 7 7 7 7 2 7 7 7 
SEE my alphas5
-nan -nan -217.538 -nan -216.765 -217.24 
my confidence: -nan
SEE my obs6
6 7 6 7 0 1 7 1 6 7 7 0 7 7 6 0 0 0 7 0 0 0 0 0 0 0 0 1 0 0 1 7 7 0 7 7 7 0 0 0 0 0 1 0 0 1 0 0 2 0 8 7 7 6 7 6 7 7 0 1 2 0 6 0 6 6 6 0 2 6 2 6 7 6 7 7 7 7 7 1 1 7 6 1 6 1 7 1 0 0 0 0 0 0 0 6 0 2 2 
SEE my alphas6
-291.77 -nan -217.495 -378.24 -217.138 -216.965 
my confidence: -nan
SEE my obs7
1 6 6 6 2 2 2 2 2 0 2 6 6 6 2 6 7 7 7 7 6 6 6 1 2 0 0 6 8 0 6 6 8 8 2 7 7 0 7 7 7 7 7 2 2 2 2 2 8 8 8 6 2 8 6 2 8 0 8 2 2 8 6 0 6 0 6 2 6 8 8 8 7 6 7 2 2 2 0 2 2 2 2 2 8 0 8 0 7 6 8 0 0 7 6 6 7 7 7 
SEE my alphas7
-294.104 -nan -217.493 -676.499 -217.713 -218.174 
my confidence: -nan
SEE my obs8
7 7 0 0 0 3 4 0 0 0 0 0 0 0 7 7 7 7 7 7 6 1 7 7 6 6 7 1 7 7 6 7 7 7 7 7 7 0 7 7 7 1 7 7 7 0 0 1 0 0 3 0 0 0 0 0 3 5 2 2 2 2 5 2 7 7 7 0 7 7 7 1 6 7 3 0 0 0 4 0 3 1 7 7 7 7 6 7 7 7 7 7 2 2 2 0 0 1 0 
SEE my alphas8
-nan -nan -217.1 -nan -216.57 -216.522 
my confidence: -nan
SEE my obs9
0 0 0 0 0 6 8 0 2 0 0 0 1 6 8 8 0 0 0 2 0 8 6 2 6 0 8 2 8 8 8 0 0 7 1 1 7 7 7 6 6 6 7 6 6 8 2 1 0 7 7 6 1 0 0 0 2 2 2 0 8 6 8 2 8 2 0 6 0 0 0 1 0 7 1 7 7 7 6 6 0 0 0 2 2 6 6 0 6 2 8 0 2 6 6 0 6 6 2 
SEE my alphas9
-280.693 -nan -217.791 -459.881 -217.757 -218.345 
my confidence: -nan
SEE my obs10
2 2 0 5 7 7 7 6 7 2 0 2 7 7 7 7 6 6 7 5 5 0 5 2 2 0 5 5 0 0 0 2 2 2 5 5 2 2 2 5 2 7 6 6 7 7 6 6 7 7 7 6 7 6 5 2 2 2 2 2 0 0 2 2 5 0 7 7 7 7 7 2 2 2 2 2 5 0 2 7 6 7 6 7 7 7 7 6 7 7 7 6 6 6 7 7 7 7 7 
SEE my alphas10
-nan -nan -216.749 -381.476 -217.147 -216.099 
my confidence: -nan
SEE my obs11
2 5 7 7 6 6 7 7 7 7 7 7 7 0 0 3 2 7 2 7 6 7 6 7 7 6 1 0 3 2 6 7 1 3 0 0 3 4 0 1 0 0 3 7 6 7 7 3 0 0 3 0 0 3 0 2 2 2 2 7 7 7 7 0 7 7 7 7 7 7 7 7 7 1 7 6 7 1 7 7 0 7 7 1 7 7 7 7 0 0 0 1 3 1 3 0 0 0 0 
SEE my alphas11
-nan -nan -217.203 -nan -216.495 -216.49 
my confidence: -nan
SEE my obs12
1 0 6 6 0 1 7 1 7 1 0 0 0 1 1 0 0 0 0 0 0 2 8 7 7 6 0 1 0 0 0 0 6 7 0 0 0 0 0 0 0 0 8 0 8 6 0 7 7 6 7 6 7 7 0 0 0 0 0 0 2 8 8 6 7 6 7 7 6 7 7 0 3 0 0 7 7 7 7 7 0 0 0 7 6 1 7 1 0 0 0 0 0 1 6 6 8 8 2 
SEE my alphas12
-nan -nan -217.688 -250.453 -217.245 -217.788 
my confidence: -nan
SEE my obs13
0 1 0 2 2 2 5 2 2 5 2 2 5 2 2 2 2 2 2 2 3 3 0 0 0 1 1 0 3 1 0 0 7 4 5 0 2 2 5 5 2 1 3 0 1 0 0 1 0 3 0 0 0 4 3 0 0 0 2 5 5 2 2 2 5 5 5 2 2 2 3 2 3 0 1 0 1 0 1 1 3 1 0 5 2 2 5 2 5 5 2 5 5 1 7 7 7 7 7 
SEE my alphas13
-nan -nan -217.094 -nan -217.485 -216.531 
my confidence: -nan
SEE my obs14
7 7 7 7 7 7 6 7 7 7 7 7 1 6 6 7 0 0 3 3 0 0 0 0 0 0 0 0 0 2 2 5 5 2 0 3 0 4 0 3 7 1 7 7 7 7 7 7 3 3 0 0 0 0 0 1 7 7 7 7 7 7 3 0 0 1 1 0 0 0 0 0 0 3 0 5 2 5 2 7 1 7 1 6 7 7 7 7 7 3 0 3 0 0 2 2 5 2 2 
SEE my alphas14
-nan -nan -217.261 -nan -216.692 -216.765 
my confidence: -nan
SEE my obs15
2 2 0 3 0 4 0 2 7 1 7 7 7 6 7 3 0 0 0 0 0 0 0 3 1 3 0 1 0 0 0 3 0 3 3 3 0 2 2 2 2 7 7 7 7 7 7 6 6 6 7 7 7 6 3 0 0 0 0 1 3 0 0 1 1 0 3 1 0 0 0 0 0 2 2 2 2 5 2 2 1 0 3 4 0 2 2 3 0 7 0 3 0 1 0 0 0 0 0 
SEE my alphas15
-nan -nan -217.586 -nan -216.95 -217.276 
my confidence: -nan
MYGUESSES
-1  
-1  
-1  
-1  
-1  
-1  
-1  
-1  
-1  
-1  
-1  
-1  
-1  
-1  
-1  
-1  
My score: -4
My score: -4
A0
5 5 0.000000 0.000000 0.324720 0.288843 0.380995 0.000000 0.968415 0.000000 0.031585 0.000000 0.706325 0.000000 0.291615 0.000000 0.000057 0.665193 0.000000 0.000000 0.334806 0.000001 0.022497 0.095381 0.171001 0.000000 0.622525

B0
5 9 0.000000 0.000000 0.000000 0.000000 0.000000 0.000000 0.000000 1.000000 0.000000 0.392249 0.031585 0.142133 0.000000 0.000000 0.000000 0.323485 0.000000 0.110548 0.000000 0.959975 0.000000 0.000000 0.000000 0.000000 0.000000 0.040025 0.000000 0.000000 0.000000 0.000000 0.000000 0.000000 0.000000 1.000000 0.000000 0.000000 0.110869 0.000000 0.000000 0.000000 0.000000 0.000000 0.000000 0.889131 0.000000

pi0
0  1  0  0  3.51383e-127  
timestep99
A1
5 5 0.000000 0.499003 0.500997 0.000000 0.000000 0.000000 0.000000 0.000000 1.000000 0.000000 0.000000 0.063702 0.736888 0.064466 0.133247 1.000000 0.000000 0.000000 0.000000 0.000000 0.000000 0.000000 0.016379 0.000000 0.969365

B1
5 9 0.332169 0.667831 0.000000 0.000000 0.000000 0.000000 0.000000 0.000000 0.000000 0.250000 0.000000 0.000000 0.750000 0.000000 0.000000 0.000000 0.000000 0.000000 0.000000 0.000000 0.637025 0.000000 0.000000 0.000000 0.362975 0.000000 0.000000 1.000000 0.000000 0.000000 0.000000 0.000000 0.000000 0.000000 0.000000 0.000000 0.058452 0.160886 0.000000 0.000000 0.000000 0.000000 0.224113 0.556548 0.000000

pi1
1  0  0  0  0  
timestep99
A2
5 5 0.194360 0.200726 0.203250 0.199639 0.202025 0.208047 0.210765 0.204723 0.207917 0.168548 0.208896 0.187662 0.211848 0.194993 0.196601 0.199670 0.207556 0.209748 0.202798 0.180229 0.219616 0.209918 0.195034 0.200794 0.174638

B2
5 9 0.111842 0.104837 0.106773 0.111409 0.118426 0.113840 0.104360 0.111507 0.117006 0.110244 0.109876 0.115246 0.106830 0.113388 0.105514 0.117650 0.112341 0.108911 0.112376 0.110625 0.115303 0.108642 0.104366 0.114293 0.111319 0.112901 0.110175 0.108172 0.115000 0.111985 0.105118 0.111948 0.113780 0.105476 0.114646 0.113874 0.109966 0.114779 0.113971 0.114554 0.112571 0.115951 0.110203 0.112119 0.095886

pi2
0.209697  0.196765  0.207951  0.192721  0.192866  
timestep99
A3
5 5 0.476886 0.000000 0.000000 0.000000 0.495477 0.000000 0.909921 0.054411 0.000000 0.035669 0.395632 0.000000 0.575090 0.003149 0.000476 0.139156 0.148380 0.124893 0.000000 0.587570 0.000022 0.000000 0.183553 0.739004 0.070369

B3
5 9 0.000199 0.000000 0.747899 0.000000 0.000000 0.251897 0.000000 0.000000 0.000004 0.055996 0.029500 0.000000 0.000000 0.000000 0.000000 0.265502 0.442503 0.206499 0.000000 0.000000 0.939275 0.000000 0.000000 0.000000 0.000000 0.000000 0.060725 0.282124 0.000000 0.000000 0.000000 0.000000 0.645620 0.000000 0.072257 0.000000 0.117605 0.000000 0.400006 0.482389 0.000000 0.000000 0.000000 0.000000 0.000000

pi3
0  1  0  1.58754e-115  0  
timestep99
A4
5 5 0.213975 0.193074 0.203066 0.214261 0.175624 0.193769 0.206431 0.196129 0.186131 0.217540 0.192360 0.198837 0.202790 0.204393 0.201620 0.193238 0.212226 0.205703 0.197569 0.191264 0.199610 0.193168 0.206072 0.198608 0.202541

B4
5 9 0.113429 0.108894 0.110570 0.115447 0.117178 0.113142 0.114640 0.106920 0.099780 0.116243 0.115885 0.113173 0.108121 0.109336 0.103332 0.108453 0.112622 0.112835 0.105358 0.110938 0.111594 0.111142 0.107853 0.114168 0.106533 0.111153 0.121261 0.112579 0.108854 0.108240 0.116485 0.110189 0.108064 0.111264 0.118302 0.106024 0.108868 0.110327 0.111182 0.115902 0.112421 0.108193 0.106713 0.119507 0.106888

pi4
0.197471  0.19398  0.20293  0.201854  0.203765  
timestep99
A5
5 5 0.201604 0.189960 0.206420 0.193501 0.208515 0.181708 0.196615 0.199078 0.194502 0.228097 0.193850 0.193467 0.197249 0.210324 0.205111 0.203036 0.204056 0.216486 0.204850 0.171572 0.195883 0.198036 0.199284 0.208998 0.197800

B5
5 9 0.109990 0.121478 0.111565 0.109037 0.120160 0.117152 0.109970 0.112705 0.087944 0.103685 0.115283 0.106699 0.111784 0.103982 0.105690 0.105991 0.115246 0.131640 0.113807 0.114348 0.110704 0.111298 0.117681 0.116162 0.118003 0.117085 0.080912 0.110491 0.112311 0.117012 0.110489 0.101453 0.113468 0.115757 0.112314 0.106705 0.109883 0.110492 0.116713 0.107007 0.116906 0.117600 0.107590 0.112154 0.101657

pi5
0.203598  0.202903  0.198867  0.19538  0.199252  
timestep99
SEE my obs0
3 0 4 0 3 0 0 0 0 0 0 0 0 0 1 0 3 1 7 7 6 1 6 7 1 6 6 7 0 7 6 6 7 6 1 7 6 1 1 2 2 2 7 7 7 7 0 1 7 7 1 7 0 6 6 0 7 7 0 1 7 7 6 7 6 7 7 6 1 6 1 0 1 7 7 0 7 6 1 1 7 0 7 6 0 1 6 7 1 1 1 7 7 6 0 1 7 7 1 
SEE my alphas0
-nan -nan -217.447 -nan -217.004 -216.3 
my confidence: -nan
SEE my obs1
7 1 7 0 1 1 1 6 7 6 7 1 7 6 7 7 0 1 6 7 6 7 7 7 7 7 6 7 7 7 0 7 7 7 0 1 1 7 6 7 0 0 6 7 7 2 2 2 6 0 7 7 7 0 0 3 0 0 3 3 0 3 0 4 0 0 2 2 7 7 7 7 7 1 6 7 6 6 1 7 7 7 1 7 7 0 1 1 1 7 6 7 6 7 6 7 6 6 7 
SEE my alphas1
-nan -nan -217.227 -nan -216.721 -216.158 
my confidence: -nan
SEE my obs2
7 1 1 7 7 7 6 7 7 7 7 1 5 2 2 2 5 1 3 1 1 3 0 0 0 2 2 0 0 0 0 0 3 0 3 1 1 3 3 3 1 3 0 0 1 3 0 3 0 0 0 3 7 7 7 7 7 0 0 0 0 0 0 0 0 0 1 3 0 0 1 1 0 3 0 3 1 3 0 3 3 0 0 3 3 0 0 0 2 0 3 0 3 0 3 0 0 3 0 
SEE my alphas2
-nan -nan -217.866 -480.203 -216.764 -217.411 
my confidence: -nan
SEE my obs3
7 5 0 0 2 5 5 5 5 5 2 2 6 6 8 7 7 8 8 8 2 2 0 2 8 2 2 2 2 3 2 3 2 3 0 7 7 7 7 7 7 7 7 6 1 7 2 2 2 2 2 0 2 5 0 2 7 2 0 5 5 0 5 7 7 8 7 7 6 7 6 7 7 7 2 3 5 2 5 0 3 5 5 0 0 0 8 2 8 8 0 6 5 2 2 5 5 2 3 
SEE my alphas3
-nan -nan -217.026 -268.857 -217.429 -217.207 
my confidence: -nan
SEE my obs4
2 2 2 2 2 2 5 2 2 3 2 3 2 5 2 5 0 2 2 2 0 5 2 5 2 2 5 2 2 2 2 5 0 2 2 0 2 3 0 0 2 5 2 2 3 2 2 0 6 6 6 7 6 6 6 6 7 6 7 7 6 0 6 8 2 2 0 0 2 5 0 2 5 5 2 2 2 2 2 5 2 2 5 2 0 8 8 8 8 6 7 7 6 8 8 6 6 8 6 
SEE my alphas4
-nan -nan -217.143 -325.288 -217.89 -217.364 
my confidence: -nan
SEE my obs5
0 0 3 0 3 0 0 3 0 1 0 3 3 3 3 4 0 3 3 0 2 2 2 2 2 7 1 1 7 7 7 7 7 7 7 1 7 7 7 1 6 7 0 4 1 0 4 0 0 0 4 0 1 0 0 0 3 0 0 0 7 6 7 7 7 7 7 2 5 5 5 2 7 7 7 7 7 7 6 7 0 0 3 1 3 0 2 2 2 2 2 2 5 2 2 2 2 2 2 
SEE my alphas5
-nan -nan -217.199 -nan -216.802 -216.708 
my confidence: -nan
SEE my obs6
7 1 0 2 2 0 2 1 1 7 7 7 0 1 0 1 0 0 5 0 1 0 0 0 0 3 1 3 0 6 3 0 1 0 3 0 0 4 0 3 0 5 5 2 5 2 7 1 7 6 7 6 7 7 6 3 3 3 0 0 0 0 3 0 0 3 3 3 3 0 3 3 0 0 3 0 0 4 0 0 3 3 2 0 0 5 2 5 0 0 0 3 3 3 0 1 0 3 0 
SEE my alphas6
-nan -nan -217.844 -nan -216.976 -217.47 
my confidence: -nan
SEE my obs7
0 5 2 2 3 2 2 2 2 2 2 7 5 2 0 5 2 2 2 2 3 5 2 5 5 7 7 7 7 7 7 6 7 6 7 7 7 6 7 2 2 2 0 2 2 2 2 2 2 5 2 5 2 2 2 3 2 2 2 5 2 2 0 2 2 5 5 2 2 3 0 5 3 7 7 7 7 7 7 6 7 7 7 7 7 7 5 5 2 0 2 2 5 0 5 2 2 2 2 
SEE my alphas7
-nan -nan -216.556 -202.996 -217.231 -216.085 
my confidence: -nan
SEE my obs8
6 7 0 0 7 7 1 6 7 7 1 1 7 7 7 6 7 7 7 6 0 7 7 6 7 1 0 6 0 7 7 7 7 7 6 7 7 0 7 0 7 0 7 7 1 1 7 6 7 7 6 7 6 7 7 1 7 2 2 2 0 0 0 0 0 0 0 0 3 0 0 0 0 0 7 7 7 1 7 7 1 6 7 1 7 7 7 1 6 6 7 0 7 1 1 7 7 7 0 
SEE my alphas8
-nan -nan -217.141 -170.899 -216.62 -216.204 
my confidence: -nan
SEE my obs9
0 6 7 7 2 5 0 0 2 2 3 2 2 5 2 0 5 2 0 2 5 5 5 5 5 5 2 5 2 0 2 2 2 0 2 2 2 2 0 2 2 5 3 2 0 0 5 2 2 2 7 7 7 7 6 6 7 7 0 7 7 6 7 6 7 7 7 7 6 7 7 2 2 5 2 2 2 0 0 0 0 2 2 5 2 0 2 2 7 7 7 7 7 7 7 7 7 0 7 
SEE my alphas9
-nan -nan -216.699 -146.871 -217.191 -216.29 
my confidence: -nan
SEE my obs10
0 0 0 0 0 0 0 3 0 0 0 3 3 1 0 1 3 0 3 0 0 0 7 7 7 7 7 7 6 7 1 2 2 2 2 2 7 7 0 6 7 6 0 7 6 7 7 7 7 7 6 6 7 6 1 6 7 1 6 7 1 7 7 7 0 6 7 7 7 6 7 6 0 3 0 0 0 0 0 0 6 0 7 1 6 2 0 7 0 6 7 7 1 6 1 6 1 6 6 
SEE my alphas10
-nan -721.965 -217.506 -215.527 -216.966 -216.758 
my confidence: 0.123101
MYGUESSES
-1  
-1  
-1  
-1  
-1  
-1  
-1  
-1  
-1  
-1  
3  
Pescepcies
-1
-1
-1
-1
-1
-1
-1
-1
-1
-1
1
My score: -5
My score: -5
A0
5 5 0.000000 0.000000 0.324720 0.288843 0.380995 0.000000 0.968415 0.000000 0.031585 0.000000 0.706325 0.000000 0.291615 0.000000 0.000057 0.665193 0.000000 0.000000 0.334806 0.000001 0.022497 0.095381 0.171001 0.000000 0.622525

B0
5 9 0.000000 0.000000 0.000000 0.000000 0.000000 0.000000 0.000000 1.000000 0.000000 0.392249 0.031585 0.142133 0.000000 0.000000 0.000000 0.323485 0.000000 0.110548 0.000000 0.959975 0.000000 0.000000 0.000000 0.000000 0.000000 0.040025 0.000000 0.000000 0.000000 0.000000 0.000000 0.000000 0.000000 1.000000 0.000000 0.000000 0.110869 0.000000 0.000000 0.000000 0.000000 0.000000 0.000000 0.889131 0.000000

pi0
0  1  0  0  3.51383e-127  
timestep99
A1
5 5 0.000000 0.784853 0.071797 0.000000 0.143349 1.000000 0.000000 0.000000 0.000000 0.000000 0.000000 0.250188 0.499737 0.112533 0.137542 0.000000 0.000000 0.000000 0.000000 1.000000 0.000000 0.000000 0.047516 0.000000 0.936657

B1
5 9 0.856691 0.143309 0.000000 0.000000 0.000000 0.000000 0.000000 0.000000 0.000000 0.691586 0.000000 0.000000 0.308414 0.000000 0.000000 0.000000 0.000000 0.000000 0.000000 0.000000 0.749605 0.250395 0.000000 0.000000 0.000000 0.000000 0.000000 1.000000 0.000000 0.000000 0.000000 0.000000 0.000000 0.000000 0.000000 0.000000 0.097862 0.126616 0.000000 0.000000 0.000000 0.000000 0.300713 0.474809 0.000000

pi1
1  0  0  0  0  
timestep99
A2
5 5 0.194360 0.200726 0.203250 0.199639 0.202025 0.208047 0.210765 0.204723 0.207917 0.168548 0.208896 0.187662 0.211848 0.194993 0.196601 0.199670 0.207556 0.209748 0.202798 0.180229 0.219616 0.209918 0.195034 0.200794 0.174638

B2
5 9 0.111842 0.104837 0.106773 0.111409 0.118426 0.113840 0.104360 0.111507 0.117006 0.110244 0.109876 0.115246 0.106830 0.113388 0.105514 0.117650 0.112341 0.108911 0.112376 0.110625 0.115303 0.108642 0.104366 0.114293 0.111319 0.112901 0.110175 0.108172 0.115000 0.111985 0.105118 0.111948 0.113780 0.105476 0.114646 0.113874 0.109966 0.114779 0.113971 0.114554 0.112571 0.115951 0.110203 0.112119 0.095886

pi2
0.209697  0.196765  0.207951  0.192721  0.192866  
timestep99
A3
5 5 0.476886 0.000000 0.000000 0.000000 0.495477 0.000000 0.909921 0.054411 0.000000 0.035669 0.395632 0.000000 0.575090 0.003149 0.000476 0.139156 0.148380 0.124893 0.000000 0.587570 0.000022 0.000000 0.183553 0.739004 0.070369

B3
5 9 0.000199 0.000000 0.747899 0.000000 0.000000 0.251897 0.000000 0.000000 0.000004 0.055996 0.029500 0.000000 0.000000 0.000000 0.000000 0.265502 0.442503 0.206499 0.000000 0.000000 0.939275 0.000000 0.000000 0.000000 0.000000 0.000000 0.060725 0.282124 0.000000 0.000000 0.000000 0.000000 0.645620 0.000000 0.072257 0.000000 0.117605 0.000000 0.400006 0.482389 0.000000 0.000000 0.000000 0.000000 0.000000

pi3
0  1  0  1.58754e-115  0  
timestep99
A4
5 5 0.213975 0.193074 0.203066 0.214261 0.175624 0.193769 0.206431 0.196129 0.186131 0.217540 0.192360 0.198837 0.202790 0.204393 0.201620 0.193238 0.212226 0.205703 0.197569 0.191264 0.199610 0.193168 0.206072 0.198608 0.202541

B4
5 9 0.113429 0.108894 0.110570 0.115447 0.117178 0.113142 0.114640 0.106920 0.099780 0.116243 0.115885 0.113173 0.108121 0.109336 0.103332 0.108453 0.112622 0.112835 0.105358 0.110938 0.111594 0.111142 0.107853 0.114168 0.106533 0.111153 0.121261 0.112579 0.108854 0.108240 0.116485 0.110189 0.108064 0.111264 0.118302 0.106024 0.108868 0.110327 0.111182 0.115902 0.112421 0.108193 0.106713 0.119507 0.106888

pi4
0.197471  0.19398  0.20293  0.201854  0.203765  
timestep99
A5
5 5 0.201604 0.189960 0.206420 0.193501 0.208515 0.181708 0.196615 0.199078 0.194502 0.228097 0.193850 0.193467 0.197249 0.210324 0.205111 0.203036 0.204056 0.216486 0.204850 0.171572 0.195883 0.198036 0.199284 0.208998 0.197800

B5
5 9 0.109990 0.121478 0.111565 0.109037 0.120160 0.117152 0.109970 0.112705 0.087944 0.103685 0.115283 0.106699 0.111784 0.103982 0.105690 0.105991 0.115246 0.131640 0.113807 0.114348 0.110704 0.111298 0.117681 0.116162 0.118003 0.117085 0.080912 0.110491 0.112311 0.117012 0.110489 0.101453 0.113468 0.115757 0.112314 0.106705 0.109883 0.110492 0.116713 0.107007 0.116906 0.117600 0.107590 0.112154 0.101657

pi5
0.203598  0.202903  0.198867  0.19538  0.199252  
timestep99
SEE my obs0
6 2 6 2 8 8 6 2 8 6 7 7 7 6 7 7 7 6 6 7 1 7 7 1 6 6 7 6 6 0 0 7 7 0 7 7 7 7 6 7 7 6 6 2 8 6 2 6 6 7 0 6 6 8 1 0 0 0 0 0 2 2 6 2 2 0 0 0 0 0 0 0 0 0 0 0 0 6 8 8 8 2 8 0 2 2 8 6 0 7 7 7 7 6 7 6 1 0 6 
SEE my alphas0
-201.236 -nan -217.602 -740.422 -217.475 -217.768 
my confidence: -nan
SEE my obs1
7 7 6 0 0 3 0 1 0 1 0 0 0 3 0 3 1 0 4 3 3 0 0 2 1 6 1 7 7 0 0 3 2 2 0 0 0 0 0 0 3 1 0 4 0 0 4 0 2 2 2 2 2 2 2 2 2 2 2 2 0 0 3 0 0 0 3 0 2 2 2 2 0 3 0 3 4 2 2 0 1 0 3 0 0 3 1 0 0 4 0 3 0 0 0 3 0 3 7 
SEE my alphas1
-nan -nan -217.651 -nan -217.073 -217.565 
my confidence: -nan
SEE my obs2
7 1 7 7 1 0 0 3 1 1 2 6 7 1 3 0 0 1 0 3 0 2 7 3 2 2 2 2 2 2 2 7 7 1 7 6 7 7 7 7 7 0 3 0 1 2 6 7 7 7 7 6 6 6 0 0 3 1 0 3 1 0 7 7 6 7 7 6 7 7 7 0 3 3 2 5 2 1 0 0 2 2 2 2 7 7 7 7 7 7 7 5 2 2 2 2 0 0 4 
SEE my alphas2
-nan -nan -217.132 -nan -216.788 -216.379 
my confidence: -nan
SEE my obs3
7 6 1 7 7 7 6 0 7 0 0 3 0 0 0 3 0 3 0 0 0 0 0 0 7 7 6 7 7 0 6 6 6 0 7 0 6 6 7 0 7 1 7 6 7 1 6 7 0 1 7 0 0 7 6 1 7 0 1 0 0 0 0 0 0 0 3 3 3 0 0 0 3 0 0 0 3 0 1 0 0 1 1 1 0 0 0 1 1 0 0 0 0 0 0 0 1 3 0 
SEE my alphas3
-nan -nan -217.822 -220.125 -217.027 -217.371 
my confidence: -nan
SEE my obs4
6 2 6 6 2 8 6 8 0 8 2 2 8 2 8 0 8 6 8 7 7 6 2 0 8 6 7 7 8 2 2 6 0 8 8 6 0 8 8 6 8 2 2 2 2 2 2 8 0 7 7 7 2 2 6 0 8 2 6 6 0 7 7 6 8 2 6 6 0 8 8 0 8 6 8 8 8 1 6 2 2 2 2 2 2 2 0 2 2 2 2 2 2 2 2 2 2 2 2 
SEE my alphas4
-251.783 -nan -217.522 -564.242 -217.971 -218.913 
my confidence: -nan
SEE my obs5
5 0 2 2 3 0 2 0 0 2 5 5 5 5 2 0 2 2 5 0 5 2 5 5 0 2 0 2 5 2 2 2 0 5 0 0 3 3 3 5 2 5 5 3 2 2 5 2 2 5 2 2 2 2 0 2 2 2 5 0 0 2 2 7 7 7 6 6 7 6 7 7 7 7 5 5 0 0 5 2 2 2 2 0 5 2 2 2 5 2 5 7 6 7 7 6 7 7 6 
SEE my alphas5
-nan -nan -216.801 -391.662 -217.595 -216.409 
my confidence: -nan
SEE my obs6
0 0 0 0 6 7 1 1 0 0 0 0 8 2 1 7 7 7 0 0 0 0 0 0 0 0 0 0 0 0 0 0 8 2 7 0 1 1 6 1 1 7 1 2 7 7 6 7 7 1 7 0 6 7 7 7 6 6 7 1 7 7 7 6 7 7 7 7 0 0 0 0 0 0 0 0 0 0 6 0 0 6 7 6 7 7 7 1 7 1 7 7 7 0 6 7 0 0 0 
SEE my alphas6
-296.928 -nan -217.429 -244.894 -216.959 -217.014 
my confidence: -nan
SEE my obs7
2 0 2 2 2 0 2 0 2 0 6 6 7 2 2 5 2 2 2 2 2 2 2 3 0 2 5 2 2 0 5 2 5 5 2 2 5 3 2 0 3 2 2 7 7 7 5 0 2 2 2 5 2 2 3 2 2 7 6 7 7 6 7 8 2 2 2 2 5 5 2 2 5 0 0 5 7 6 7 7 5 2 2 2 0 5 2 5 2 5 2 0 5 2 2 2 5 5 0 
SEE my alphas7
-nan -nan -216.701 -388.822 -217.621 -216.447 
my confidence: -nan
SEE my obs8
0 0 0 0 0 0 0 0 1 0 0 4 0 1 0 0 1 0 4 1 0 0 0 1 0 0 0 3 2 2 2 2 2 2 2 2 2 7 6 0 7 7 6 7 7 7 1 1 6 1 7 0 1 7 7 7 7 6 0 7 7 0 7 7 1 0 1 2 2 2 2 0 2 0 0 0 4 0 0 3 0 1 0 0 0 3 1 0 3 7 7 1 7 6 6 7 7 1 7 
SEE my alphas8
-nan -nan -217.359 -nan -217.022 -216.826 
my confidence: -nan
SEE my obs9
3 0 2 2 2 5 2 2 2 2 2 2 0 0 0 3 0 0 0 0 0 2 5 5 2 2 2 2 0 0 3 3 0 0 0 3 3 3 1 1 0 0 0 0 0 1 0 3 0 3 3 0 0 0 3 3 0 3 0 0 0 0 3 0 3 1 1 3 4 4 0 0 3 0 3 4 0 1 3 3 0 0 0 3 1 0 3 3 3 0 0 0 1 0 0 3 0 3 0 
SEE my alphas9
-nan -nan -217.956 -nan -216.992 -217.875 
my confidence: -nan
SEE my obs10
1 0 0 1 0 0 0 0 0 7 7 7 0 7 6 1 0 0 0 0 1 0 6 7 7 7 7 7 1 7 7 0 7 1 1 7 0 7 7 7 7 0 7 0 0 1 2 7 6 7 0 6 2 2 6 0 2 6 8 8 8 6 2 6 6 6 1 1 7 1 1 6 0 0 0 0 0 0 0 0 0 0 1 0 8 0 6 2 6 8 2 6 2 6 8 0 7 6 7 
SEE my alphas10
-270.152 -nan -217.563 -719.441 -217.296 -217.355 
my confidence: -nan
SEE my obs11
7 7 7 7 7 7 1 1 7 7 7 7 7 7 7 7 7 7 7 7 7 7 6 7 7 7 7 6 7 6 0 0 3 3 1 0 3 3 0 0 4 0 2 2 2 0 2 7 7 7 7 4 3 0 1 0 5 7 3 0 0 4 3 0 0 2 2 0 0 1 4 0 1 0 0 3 1 3 0 3 0 0 0 0 0 0 3 4 0 1 0 0 3 0 0 0 3 0 0 
SEE my alphas11
-nan -nan -217.398 -nan -216.584 -216.956 
my confidence: -nan
SEE my obs12
0 0 0 3 7 1 6 7 1 6 0 0 3 0 3 3 2 5 5 7 1 7 7 7 6 0 3 7 6 0 6 7 1 7 6 7 7 7 7 7 7 1 0 3 3 0 3 0 0 6 1 1 0 3 3 0 0 1 4 2 6 7 7 7 1 7 7 0 2 2 2 2 2 2 2 2 1 7 1 7 7 6 7 7 7 0 0 1 3 0 0 0 3 0 1 0 0 0 0 
SEE my alphas12
-nan -nan -217.451 -nan -216.831 -216.722 
my confidence: -nan
SEE my obs13
1 3 3 7 7 7 7 6 6 7 7 7 7 2 0 3 0 3 1 0 0 0 0 0 1 0 3 0 0 3 3 4 0 0 2 2 5 2 2 5 2 2 2 2 2 5 2 5 5 3 0 0 3 0 7 7 7 6 7 0 0 1 1 7 6 7 3 0 3 0 0 0 3 3 0 0 0 3 0 0 7 1 7 6 7 1 7 1 7 0 0 2 1 0 2 2 2 2 2 
SEE my alphas13
-nan -nan -217.411 -nan -216.941 -216.93 
my confidence: -nan
SEE my obs14
2 5 5 3 5 2 2 7 7 7 7 7 7 7 2 5 5 2 0 5 2 5 2 5 7 6 7 7 2 5 2 2 2 2 5 5 7 6 5 5 2 2 5 2 2 2 2 2 2 2 2 5 2 2 5 5 5 2 5 5 2 0 5 2 2 2 2 2 2 5 0 2 5 5 0 2 0 0 5 5 2 7 6 7 7 7 7 6 7 7 6 7 7 7 7 7 7 7 0 
SEE my alphas14
-nan -nan -216.459 -393.967 -217.449 -215.858 
my confidence: -nan
SEE my obs15
2 7 1 1 1 7 7 1 1 6 1 0 7 0 3 0 0 1 0 4 0 0 0 3 3 0 1 0 0 0 0 0 0 3 0 0 0 0 0 3 0 0 3 3 3 0 0 0 0 0 7 6 6 7 7 7 7 2 2 2 2 2 2 2 2 2 2 2 2 2 2 0 2 2 0 2 1 0 7 6 0 6 7 0 0 1 7 1 6 1 0 7 7 7 6 7 0 7 0 
SEE my alphas15
-nan -nan -217.456 -nan -217.053 -217.026 
my confidence: -nan
SEE my obs16
7 7 7 7 6 6 1 7 6 0 6 1 7 1 6 6 7 6 1 7 6 6 7 6 6 1 0 1 7 7 7 6 1 7 7 6 7 7 7 7 1 6 7 7 7 7 7 7 7 7 7 7 7 6 6 7 6 7 6 1 7 7 6 7 1 0 6 6 1 6 6 7 6 7 7 7 7 6 1 6 6 7 7 0 7 7 7 7 6 1 7 0 0 0 1 0 1 3 0 
SEE my alphas16
-nan -nan -217.292 -165.086 -216.857 -215.933 
my confidence: -nan
SEE my obs17
5 2 2 3 2 5 2 2 2 2 2 3 2 2 2 2 2 5 0 2 2 2 2 2 2 5 2 5 0 2 5 5 0 5 2 7 2 2 2 2 2 2 5 0 2 2 5 5 0 0 0 2 2 0 2 2 0 2 2 2 2 2 0 2 5 2 2 0 2 2 2 5 2 2 5 0 2 5 2 2 7 7 7 7 7 7 7 2 2 8 6 7 6 8 6 0 8 6 5 
SEE my alphas17
-nan -nan -216.673 -404.683 -217.685 -216.656 
my confidence: -nan
SEE my obs18
2 2 0 5 2 5 2 2 7 6 6 0 2 2 2 5 5 5 2 5 0 2 2 2 2 2 5 5 0 0 5 2 5 5 2 2 2 7 7 7 6 5 0 2 2 0 2 0 5 0 3 5 5 5 2 6 6 7 6 8 8 2 6 2 2 6 2 2 6 6 6 6 2 2 0 2 2 5 5 2 5 5 5 5 0 0 2 5 2 5 0 2 2 0 5 2 2 2 2 
SEE my alphas18
-nan -nan -216.84 -505.721 -218.021 -216.562 
my confidence: -nan
MYGUESSES
-1  
-1  
-1  
-1  
-1  
-1  
-1  
-1  
-1  
-1  
-1  
-1  
-1  
-1  
-1  
-1  
-1  
-1  
-1  
My score: -5
My score: -5
A0
5 5 0.000000 0.000000 0.324720 0.288843 0.380995 0.000000 0.968415 0.000000 0.031585 0.000000 0.706325 0.000000 0.291615 0.000000 0.000057 0.665193 0.000000 0.000000 0.334806 0.000001 0.022497 0.095381 0.171001 0.000000 0.622525

B0
5 9 0.000000 0.000000 0.000000 0.000000 0.000000 0.000000 0.000000 1.000000 0.000000 0.392249 0.031585 0.142133 0.000000 0.000000 0.000000 0.323485 0.000000 0.110548 0.000000 0.959975 0.000000 0.000000 0.000000 0.000000 0.000000 0.040025 0.000000 0.000000 0.000000 0.000000 0.000000 0.000000 0.000000 1.000000 0.000000 0.000000 0.110869 0.000000 0.000000 0.000000 0.000000 0.000000 0.000000 0.889131 0.000000

pi0
0  1  0  0  3.51383e-127  
timestep99
A1
5 5 0.000000 0.784853 0.071797 0.000000 0.143349 1.000000 0.000000 0.000000 0.000000 0.000000 0.000000 0.250188 0.499737 0.112533 0.137542 0.000000 0.000000 0.000000 0.000000 1.000000 0.000000 0.000000 0.047516 0.000000 0.936657

B1
5 9 0.856691 0.143309 0.000000 0.000000 0.000000 0.000000 0.000000 0.000000 0.000000 0.691586 0.000000 0.000000 0.308414 0.000000 0.000000 0.000000 0.000000 0.000000 0.000000 0.000000 0.749605 0.250395 0.000000 0.000000 0.000000 0.000000 0.000000 1.000000 0.000000 0.000000 0.000000 0.000000 0.000000 0.000000 0.000000 0.000000 0.097862 0.126616 0.000000 0.000000 0.000000 0.000000 0.300713 0.474809 0.000000

pi1
1  0  0  0  0  
timestep99
A2
5 5 0.194360 0.200726 0.203250 0.199639 0.202025 0.208047 0.210765 0.204723 0.207917 0.168548 0.208896 0.187662 0.211848 0.194993 0.196601 0.199670 0.207556 0.209748 0.202798 0.180229 0.219616 0.209918 0.195034 0.200794 0.174638

B2
5 9 0.111842 0.104837 0.106773 0.111409 0.118426 0.113840 0.104360 0.111507 0.117006 0.110244 0.109876 0.115246 0.106830 0.113388 0.105514 0.117650 0.112341 0.108911 0.112376 0.110625 0.115303 0.108642 0.104366 0.114293 0.111319 0.112901 0.110175 0.108172 0.115000 0.111985 0.105118 0.111948 0.113780 0.105476 0.114646 0.113874 0.109966 0.114779 0.113971 0.114554 0.112571 0.115951 0.110203 0.112119 0.095886

pi2
0.209697  0.196765  0.207951  0.192721  0.192866  
timestep99
A3
5 5 0.476886 0.000000 0.000000 0.000000 0.495477 0.000000 0.909921 0.054411 0.000000 0.035669 0.395632 0.000000 0.575090 0.003149 0.000476 0.139156 0.148380 0.124893 0.000000 0.587570 0.000022 0.000000 0.183553 0.739004 0.070369

B3
5 9 0.000199 0.000000 0.747899 0.000000 0.000000 0.251897 0.000000 0.000000 0.000004 0.055996 0.029500 0.000000 0.000000 0.000000 0.000000 0.265502 0.442503 0.206499 0.000000 0.000000 0.939275 0.000000 0.000000 0.000000 0.000000 0.000000 0.060725 0.282124 0.000000 0.000000 0.000000 0.000000 0.645620 0.000000 0.072257 0.000000 0.117605 0.000000 0.400006 0.482389 0.000000 0.000000 0.000000 0.000000 0.000000

pi3
0  1  0  1.58754e-115  0  
timestep99
A4
5 5 0.213975 0.193074 0.203066 0.214261 0.175624 0.193769 0.206431 0.196129 0.186131 0.217540 0.192360 0.198837 0.202790 0.204393 0.201620 0.193238 0.212226 0.205703 0.197569 0.191264 0.199610 0.193168 0.206072 0.198608 0.202541

B4
5 9 0.113429 0.108894 0.110570 0.115447 0.117178 0.113142 0.114640 0.106920 0.099780 0.116243 0.115885 0.113173 0.108121 0.109336 0.103332 0.108453 0.112622 0.112835 0.105358 0.110938 0.111594 0.111142 0.107853 0.114168 0.106533 0.111153 0.121261 0.112579 0.108854 0.108240 0.116485 0.110189 0.108064 0.111264 0.118302 0.106024 0.108868 0.110327 0.111182 0.115902 0.112421 0.108193 0.106713 0.119507 0.106888

pi4
0.197471  0.19398  0.20293  0.201854  0.203765  
timestep99
A5
5 5 0.201604 0.189960 0.206420 0.193501 0.208515 0.181708 0.196615 0.199078 0.194502 0.228097 0.193850 0.193467 0.197249 0.210324 0.205111 0.203036 0.204056 0.216486 0.204850 0.171572 0.195883 0.198036 0.199284 0.208998 0.197800

B5
5 9 0.109990 0.121478 0.111565 0.109037 0.120160 0.117152 0.109970 0.112705 0.087944 0.103685 0.115283 0.106699 0.111784 0.103982 0.105690 0.105991 0.115246 0.131640 0.113807 0.114348 0.110704 0.111298 0.117681 0.116162 0.118003 0.117085 0.080912 0.110491 0.112311 0.117012 0.110489 0.101453 0.113468 0.115757 0.112314 0.106705 0.109883 0.110492 0.116713 0.107007 0.116906 0.117600 0.107590 0.112154 0.101657

pi5
0.203598  0.202903  0.198867  0.19538  0.199252  
timestep99
SEE my obs0
0 3 1 3 3 0 2 2 2 2 2 2 3 2 3 0 3 3 0 5 3 0 0 0 3 3 0 0 3 0 3 0 3 3 0 1 0 0 0 3 3 0 3 0 0 0 7 7 1 7 7 1 7 0 1 7 7 1 7 7 7 7 7 7 7 7 7 7 6 7 7 1 7 7 6 0 6 1 7 3 0 0 0 4 0 2 7 6 7 7 7 6 7 7 7 0 0 0 1 
SEE my alphas0
-nan -nan -217.507 -nan -216.556 -216.935 
my confidence: -nan
SEE my obs1
0 1 1 6 7 7 6 7 1 6 0 2 0 7 6 6 7 7 1 7 6 0 7 7 7 6 0 6 8 8 2 6 6 7 7 7 8 6 7 7 7 0 6 6 0 0 0 2 2 6 8 6 0 2 0 2 2 6 6 6 8 8 8 6 0 0 0 0 8 2 8 8 8 6 0 0 6 2 6 8 8 0 6 6 2 2 2 6 0 6 0 0 0 2 0 6 0 2 6 
SEE my alphas1
-218.849 -nan -217.771 -498.024 -217.752 -218.195 
my confidence: -nan
SEE my obs2
3 0 1 3 2 2 2 2 2 2 2 5 2 2 2 7 0 0 6 7 6 7 1 7 7 1 1 7 1 0 0 4 0 0 0 1 0 0 1 1 0 0 0 0 6 1 6 6 7 7 7 0 7 1 7 7 7 7 7 7 0 6 1 1 7 7 7 1 1 7 6 7 1 7 6 7 7 7 7 7 1 1 7 7 0 1 6 6 0 0 7 1 7 7 7 7 7 7 7 
SEE my alphas2
-nan -nan -217.122 -nan -216.798 -216.075 
my confidence: -nan
SEE my obs3
6 1 1 0 0 0 7 7 6 1 0 0 0 0 0 7 7 7 0 7 8 0 0 8 6 0 1 7 7 6 8 7 7 0 2 6 6 6 2 6 2 2 0 0 8 6 6 8 2 0 0 6 2 2 0 2 2 7 0 0 0 7 7 1 0 7 7 0 0 7 1 2 0 0 2 0 8 7 7 7 7 6 7 7 1 0 0 0 1 0 0 8 2 6 2 6 8 8 0 
SEE my alphas3
-336.492 -nan -217.523 -552.369 -217.338 -217.75 
my confidence: -nan
SEE my obs4
7 7 7 7 7 6 7 7 7 6 7 6 6 2 2 2 2 2 2 2 2 2 2 2 2 2 2 2 2 2 2 2 2 2 2 2 2 2 2 2 2 2 7 0 7 1 0 3 0 0 0 0 3 3 0 3 1 4 3 0 0 0 0 0 1 0 0 1 0 0 1 3 0 0 0 0 3 0 0 0 3 0 0 0 0 0 0 0 0 1 0 0 4 0 0 0 0 1 0 
SEE my alphas4
-nan -nan -217.35 -nan -217.151 -217.22 
my confidence: -nan
SEE my obs5
2 2 2 2 2 0 0 1 0 0 1 1 3 0 0 0 0 1 0 0 3 2 3 0 3 2 2 5 0 2 2 5 5 2 5 2 5 2 2 5 7 1 7 7 7 7 7 3 0 2 2 5 2 5 2 1 7 7 6 7 0 2 2 5 2 5 7 1 6 7 7 7 7 7 0 0 0 0 0 0 0 7 7 7 3 0 0 0 0 4 3 0 0 5 5 0 1 3 0 
SEE my alphas5
-nan -nan -217.137 -nan -217.157 -216.7 
my confidence: -nan
SEE my obs6
0 0 3 0 0 3 3 0 0 0 0 0 3 0 0 5 1 0 7 7 0 7 7 7 7 7 7 7 7 6 1 7 7 2 7 1 7 7 6 7 3 2 2 2 1 7 7 7 1 7 1 7 0 3 0 0 0 3 1 2 2 7 0 0 1 4 0 0 2 0 0 3 3 0 1 1 0 0 0 0 0 0 0 0 0 7 7 7 7 7 7 7 7 2 2 5 5 2 2 
SEE my alphas6
-nan -nan -217.263 -nan -216.702 -216.768 
my confidence: -nan
SEE my obs7
7 7 0 3 0 0 0 0 0 0 3 0 7 0 0 0 3 0 0 5 7 1 6 7 6 6 7 7 7 7 7 7 7 7 7 7 1 7 7 1 7 7 7 7 7 0 0 5 5 2 5 2 5 7 2 5 2 2 7 7 1 6 6 7 7 0 7 0 0 0 0 3 0 0 0 5 2 5 0 5 2 5 2 5 2 2 3 2 2 2 2 2 7 1 0 0 0 4 4 
SEE my alphas7
-nan -nan -217.035 -nan -216.981 -216.548 
my confidence: -nan
SEE my obs8
6 7 7 7 7 0 0 0 0 8 6 8 6 6 6 8 0 7 6 0 8 6 6 8 8 8 8 6 0 6 0 8 0 2 6 6 6 8 6 6 2 0 7 2 5 5 0 3 7 7 6 2 2 2 5 3 2 2 2 2 7 7 7 7 7 7 6 0 6 8 8 5 2 2 0 2 0 2 5 2 2 0 5 0 2 2 2 5 3 5 2 2 7 6 7 6 6 7 2 
SEE my alphas8
-nan -nan -217.446 -202.769 -217.695 -217.847 
my confidence: -nan
SEE my obs9
6 6 8 0 8 6 2 2 6 6 6 1 8 0 6 2 8 8 6 6 7 8 6 6 6 6 6 6 0 8 2 0 6 0 0 7 7 1 7 7 6 2 6 6 6 8 6 2 6 2 2 0 6 7 7 7 6 8 6 6 2 7 6 6 6 6 1 0 8 2 2 0 6 6 0 0 6 2 6 6 2 8 2 8 8 8 8 8 8 2 7 1 7 7 0 7 6 7 1 
SEE my alphas9
-300.675 -nan -217.883 -794.743 -217.996 -218.363 
my confidence: -nan
SEE my obs10
2 2 2 3 2 7 1 6 7 2 2 2 2 2 6 7 7 1 6 7 7 7 7 6 7 7 1 7 6 7 1 0 1 1 3 4 0 0 0 0 0 0 0 3 0 0 3 3 0 0 0 0 1 0 3 0 0 0 1 0 4 1 0 4 0 3 0 1 6 6 1 6 2 2 6 7 7 7 1 7 7 7 1 0 7 0 0 7 6 7 6 1 7 0 7 7 7 6 1 
SEE my alphas10
-nan -nan -217.414 -nan -216.967 -216.641 
my confidence: -nan
SEE my obs11
5 2 5 0 5 2 7 2 2 2 5 0 0 2 5 2 2 2 2 5 2 5 2 2 7 7 6 7 6 0 6 2 2 7 7 6 7 6 7 7 7 6 7 7 7 7 7 2 2 0 5 5 5 5 2 2 5 5 0 5 3 2 3 2 2 2 2 2 2 7 8 0 8 0 2 6 6 7 7 7 8 7 7 6 6 7 7 5 2 2 2 0 2 5 5 2 0 3 0 
SEE my alphas11
-nan -nan -216.808 -423.875 -217.421 -216.505 
my confidence: -nan
SEE my obs12
3 5 7 7 7 7 7 7 7 0 0 3 0 3 0 7 7 7 7 7 6 6 7 7 7 7 7 7 6 1 7 7 7 7 7 7 7 7 7 7 7 7 7 6 7 1 7 1 7 7 3 0 0 0 0 3 0 0 0 0 2 7 7 3 5 5 2 7 7 7 7 7 7 7 7 7 7 7 7 7 7 7 0 0 3 2 2 0 0 0 0 3 0 0 3 7 7 1 7 
SEE my alphas12
-nan -nan -216.956 -371.965 -216.162 -216.255 
my confidence: -nan
SEE my obs13
0 0 0 3 0 2 2 3 0 3 0 0 0 1 4 0 0 2 0 5 2 2 5 0 2 2 5 5 2 5 5 0 3 1 0 3 1 0 3 3 0 0 0 0 2 2 2 5 5 2 2 2 2 2 2 2 3 0 7 7 7 7 0 1 3 0 0 4 4 2 0 3 0 3 3 1 1 0 3 0 1 4 3 3 0 3 3 0 0 0 7 7 7 7 7 7 6 7 7 
SEE my alphas13
-nan -nan -217.426 -nan -217.02 -217.115 
my confidence: -nan
SEE my obs14
6 0 8 2 7 7 7 7 7 7 7 7 7 7 7 6 7 7 7 7 7 7 7 7 7 7 2 2 2 2 5 2 7 7 7 7 1 7 2 3 5 0 7 7 7 7 7 7 6 7 7 7 7 7 7 7 7 7 7 7 7 7 6 6 6 2 8 0 6 6 8 8 0 8 6 0 0 2 2 2 2 2 2 2 2 2 0 2 2 0 0 2 2 2 2 2 2 2 5 
SEE my alphas14
-nan -nan -216.741 -143.673 -216.75 -216.503 
my confidence: -nan
SEE my obs15
2 7 0 0 0 0 6 0 8 0 6 8 2 8 2 0 7 6 7 6 6 1 7 7 0 6 7 7 7 1 6 7 7 6 7 7 6 7 7 7 7 7 1 0 6 7 1 0 0 6 7 7 0 0 0 0 3 0 0 0 0 6 7 1 0 3 0 1 0 0 0 0 0 0 0 0 0 7 6 7 7 1 7 7 7 7 7 7 7 7 0 0 0 1 0 7 7 7 7 
SEE my alphas15
-nan -nan -217.394 -368.335 -216.853 -217.039 
my confidence: -nan
SEE my obs16
0 0 0 3 3 1 0 3 3 4 0 0 0 3 3 2 2 2 2 2 0 0 4 3 0 3 0 0 0 0 0 0 0 5 5 2 7 7 6 1 7 7 7 6 7 7 7 6 0 0 0 4 0 5 0 0 0 0 1 1 3 2 2 0 0 0 3 0 1 0 0 0 1 3 0 3 0 1 0 1 3 0 1 5 2 2 2 2 2 2 2 2 0 2 0 0 3 0 0 
SEE my alphas16
-nan -nan -217.601 -nan -217.125 -217.385 
my confidence: -nan
SEE my obs17
0 0 1 6 7 6 6 6 7 7 7 7 0 0 0 7 6 6 7 1 6 7 7 6 1 7 7 7 6 7 6 7 6 7 6 1 1 0 6 6 7 0 0 0 0 0 6 6 6 7 7 7 7 7 7 7 7 6 0 8 8 6 7 6 6 6 7 1 6 7 7 0 7 7 7 6 6 6 7 6 7 7 0 7 0 0 0 0 6 6 7 7 6 7 6 7 0 6 2 
SEE my alphas17
-253.03 -nan -217.476 -163.938 -217.104 -216.671 
my confidence: -nan
SEE my obs18
6 0 0 0 2 2 8 7 7 7 7 8 6 2 0 6 8 6 6 7 7 1 0 0 7 8 2 8 0 0 0 2 0 0 6 8 2 0 0 0 0 2 7 6 7 6 7 1 1 0 1 0 7 0 1 1 7 7 7 7 7 1 1 0 2 6 7 7 0 2 2 2 2 8 0 2 6 0 6 6 6 8 2 2 6 0 6 6 2 0 6 7 6 7 2 8 6 0 0 
SEE my alphas18
-244.933 -nan -217.521 -364.995 -217.473 -217.634 
my confidence: -nan
SEE my obs19
8 6 0 0 8 2 0 2 8 6 7 1 7 7 2 2 6 2 8 8 2 0 6 6 2 8 2 8 2 6 0 8 6 2 7 6 8 6 7 2 2 2 2 2 2 2 0 2 2 0 2 2 2 2 2 2 2 2 8 2 2 8 2 8 0 2 6 2 7 7 6 6 6 2 6 1 6 6 7 6 0 7 7 7 2 2 2 2 2 8 6 8 8 8 7 6 1 7 2 
SEE my alphas19
-356.207 -nan -217.336 -457.703 -217.794 -218.069 
my confidence: -nan
MYGUESSES
-1  
-1  
-1  
-1  
-1  
-1  
-1  
-1  
-1  
-1  
-1  
-1  
-1  
-1  
-1  
-1  
-1  
-1  
-1  
-1  
My score: -5
My score: -5
A0
5 5 0.000000 0.000000 0.324720 0.288843 0.380995 0.000000 0.968415 0.000000 0.031585 0.000000 0.706325 0.000000 0.291615 0.000000 0.000057 0.665193 0.000000 0.000000 0.334806 0.000001 0.022497 0.095381 0.171001 0.000000 0.622525

B0
5 9 0.000000 0.000000 0.000000 0.000000 0.000000 0.000000 0.000000 1.000000 0.000000 0.392249 0.031585 0.142133 0.000000 0.000000 0.000000 0.323485 0.000000 0.110548 0.000000 0.959975 0.000000 0.000000 0.000000 0.000000 0.000000 0.040025 0.000000 0.000000 0.000000 0.000000 0.000000 0.000000 0.000000 1.000000 0.000000 0.000000 0.110869 0.000000 0.000000 0.000000 0.000000 0.000000 0.000000 0.889131 0.000000

pi0
0  1  0  0  3.51383e-127  
timestep99
A1
5 5 0.000000 0.784853 0.071797 0.000000 0.143349 1.000000 0.000000 0.000000 0.000000 0.000000 0.000000 0.250188 0.499737 0.112533 0.137542 0.000000 0.000000 0.000000 0.000000 1.000000 0.000000 0.000000 0.047516 0.000000 0.936657

B1
5 9 0.856691 0.143309 0.000000 0.000000 0.000000 0.000000 0.000000 0.000000 0.000000 0.691586 0.000000 0.000000 0.308414 0.000000 0.000000 0.000000 0.000000 0.000000 0.000000 0.000000 0.749605 0.250395 0.000000 0.000000 0.000000 0.000000 0.000000 1.000000 0.000000 0.000000 0.000000 0.000000 0.000000 0.000000 0.000000 0.000000 0.097862 0.126616 0.000000 0.000000 0.000000 0.000000 0.300713 0.474809 0.000000

pi1
1  0  0  0  0  
timestep99
A2
5 5 0.194360 0.200726 0.203250 0.199639 0.202025 0.208047 0.210765 0.204723 0.207917 0.168548 0.208896 0.187662 0.211848 0.194993 0.196601 0.199670 0.207556 0.209748 0.202798 0.180229 0.219616 0.209918 0.195034 0.200794 0.174638

B2
5 9 0.111842 0.104837 0.106773 0.111409 0.118426 0.113840 0.104360 0.111507 0.117006 0.110244 0.109876 0.115246 0.106830 0.113388 0.105514 0.117650 0.112341 0.108911 0.112376 0.110625 0.115303 0.108642 0.104366 0.114293 0.111319 0.112901 0.110175 0.108172 0.115000 0.111985 0.105118 0.111948 0.113780 0.105476 0.114646 0.113874 0.109966 0.114779 0.113971 0.114554 0.112571 0.115951 0.110203 0.112119 0.095886

pi2
0.209697  0.196765  0.207951  0.192721  0.192866  
timestep99
A3
5 5 0.476886 0.000000 0.000000 0.000000 0.495477 0.000000 0.909921 0.054411 0.000000 0.035669 0.395632 0.000000 0.575090 0.003149 0.000476 0.139156 0.148380 0.124893 0.000000 0.587570 0.000022 0.000000 0.183553 0.739004 0.070369

B3
5 9 0.000199 0.000000 0.747899 0.000000 0.000000 0.251897 0.000000 0.000000 0.000004 0.055996 0.029500 0.000000 0.000000 0.000000 0.000000 0.265502 0.442503 0.206499 0.000000 0.000000 0.939275 0.000000 0.000000 0.000000 0.000000 0.000000 0.060725 0.282124 0.000000 0.000000 0.000000 0.000000 0.645620 0.000000 0.072257 0.000000 0.117605 0.000000 0.400006 0.482389 0.000000 0.000000 0.000000 0.000000 0.000000

pi3
0  1  0  1.58754e-115  0  
timestep99
A4
5 5 0.213975 0.193074 0.203066 0.214261 0.175624 0.193769 0.206431 0.196129 0.186131 0.217540 0.192360 0.198837 0.202790 0.204393 0.201620 0.193238 0.212226 0.205703 0.197569 0.191264 0.199610 0.193168 0.206072 0.198608 0.202541

B4
5 9 0.113429 0.108894 0.110570 0.115447 0.117178 0.113142 0.114640 0.106920 0.099780 0.116243 0.115885 0.113173 0.108121 0.109336 0.103332 0.108453 0.112622 0.112835 0.105358 0.110938 0.111594 0.111142 0.107853 0.114168 0.106533 0.111153 0.121261 0.112579 0.108854 0.108240 0.116485 0.110189 0.108064 0.111264 0.118302 0.106024 0.108868 0.110327 0.111182 0.115902 0.112421 0.108193 0.106713 0.119507 0.106888

pi4
0.197471  0.19398  0.20293  0.201854  0.203765  
timestep99
A5
5 5 0.201604 0.189960 0.206420 0.193501 0.208515 0.181708 0.196615 0.199078 0.194502 0.228097 0.193850 0.193467 0.197249 0.210324 0.205111 0.203036 0.204056 0.216486 0.204850 0.171572 0.195883 0.198036 0.199284 0.208998 0.197800

B5
5 9 0.109990 0.121478 0.111565 0.109037 0.120160 0.117152 0.109970 0.112705 0.087944 0.103685 0.115283 0.106699 0.111784 0.103982 0.105690 0.105991 0.115246 0.131640 0.113807 0.114348 0.110704 0.111298 0.117681 0.116162 0.118003 0.117085 0.080912 0.110491 0.112311 0.117012 0.110489 0.101453 0.113468 0.115757 0.112314 0.106705 0.109883 0.110492 0.116713 0.107007 0.116906 0.117600 0.107590 0.112154 0.101657

pi5
0.203598  0.202903  0.198867  0.19538  0.199252  
timestep99
SEE my obs0
1 3 0 0 3 0 0 1 0 0 0 0 0 0 0 0 0 0 0 0 0 0 0 3 0 0 7 7 7 7 0 2 2 5 1 3 7 7 7 7 7 7 1 6 7 7 0 0 0 0 3 3 3 3 0 0 0 0 3 0 0 1 0 1 3 3 3 0 3 0 4 3 0 7 7 7 7 7 7 1 7 7 6 7 7 7 7 7 7 7 7 6 6 0 0 0 7 7 7 
SEE my alphas0
-nan -nan -217.533 -nan -216.549 -217.137 
my confidence: -nan
SEE my obs1
0 3 0 3 2 3 0 0 3 0 0 4 0 1 1 5 2 2 2 5 2 6 6 6 7 7 7 7 7 6 1 7 7 7 7 7 7 7 7 1 7 0 0 0 0 0 3 7 7 7 6 7 6 7 6 7 6 1 7 7 6 7 7 7 7 7 7 7 1 7 1 7 7 7 7 7 0 0 3 5 5 2 2 2 2 5 2 2 2 2 2 2 5 2 2 2 2 2 1 
SEE my alphas1
-nan -nan -216.961 -nan -216.837 -216.196 
my confidence: -nan
SEE my obs2
0 2 2 5 5 2 5 6 7 2 2 0 3 5 0 0 2 2 3 5 2 2 0 2 2 2 2 0 2 5 5 5 5 5 3 5 2 5 2 2 2 2 2 5 5 2 2 5 2 5 2 0 2 5 2 5 5 5 2 5 2 2 7 7 7 7 5 2 2 5 3 5 2 7 0 2 2 0 5 5 2 5 2 0 2 3 5 2 2 5 2 0 5 5 2 0 5 5 2 
SEE my alphas2
-nan -nan -216.586 -179.673 -217.857 -216.181 
my confidence: -nan
SEE my obs3
2 6 0 8 6 2 6 8 2 8 8 8 6 0 8 7 6 7 7 2 5 2 2 2 2 2 2 2 2 2 2 2 2 2 8 8 2 0 2 8 6 0 7 7 6 2 2 2 2 2 5 0 2 2 5 2 5 2 2 2 8 8 8 8 8 8 0 6 8 8 8 8 6 6 8 6 0 8 0 2 6 8 8 0 8 6 2 2 1 6 6 1 6 1 0 8 0 8 2 
SEE my alphas3
-nan -nan -217.591 -599.462 -218.14 -219.156 
my confidence: -nan
SEE my obs4
0 0 3 0 0 7 4 0 0 3 3 4 3 0 0 3 0 0 0 7 1 2 2 5 2 2 2 5 2 2 3 3 0 2 2 5 5 2 5 7 1 1 7 7 1 7 0 0 0 3 0 3 0 3 0 0 0 3 0 0 0 0 1 0 0 0 0 0 7 7 7 3 3 0 4 4 7 1 1 3 0 3 3 3 0 0 0 0 4 0 0 3 3 0 3 0 3 3 0 
SEE my alphas4
-nan -nan -217.727 -nan -216.873 -217.532 
my confidence: -nan
SEE my obs5
7 7 6 7 7 7 7 7 7 7 7 6 7 7 7 7 7 7 0 7 7 7 7 7 7 0 1 7 1 3 1 7 1 7 6 7 7 7 7 7 0 0 2 5 2 2 2 2 2 2 5 0 0 0 0 3 2 2 5 2 5 2 2 7 7 7 7 7 1 1 6 7 7 7 7 7 7 7 7 1 1 1 3 0 1 0 0 3 1 3 0 0 1 0 0 0 1 4 0 
SEE my alphas5
-nan -nan -216.929 -nan -216.559 -216.042 
my confidence: -nan
SEE my obs6
0 0 0 0 3 1 0 0 0 1 1 0 3 0 0 0 1 0 3 3 0 0 0 0 0 0 0 3 0 0 0 0 0 0 0 0 0 0 0 0 0 1 3 0 0 0 6 0 7 7 6 2 2 2 2 2 6 7 7 0 1 7 7 1 6 6 7 6 1 7 0 7 1 1 6 6 1 7 1 7 1 1 7 7 7 6 0 7 6 7 7 7 1 1 6 7 1 7 6 
SEE my alphas6
-nan -142.093 -217.647 -269.139 -217.083 -216.97 
my confidence: -nan
SEE my obs7
5 0 5 5 2 0 0 3 7 2 2 5 2 2 5 3 5 2 2 2 0 2 0 2 2 2 0 5 2 2 2 2 2 2 5 2 2 2 3 3 5 2 2 0 2 2 2 2 0 0 0 7 7 7 7 7 7 7 7 1 7 7 6 2 2 5 5 0 2 0 2 5 5 2 2 2 5 2 2 2 3 2 0 7 7 7 6 0 7 7 7 7 7 7 6 6 7 7 5 
SEE my alphas7
-nan -nan -216.702 -381.913 -217.244 -216.289 
my confidence: -nan
SEE my obs8
5 0 0 0 0 0 3 0 3 0 1 0 5 5 2 5 2 5 5 0 3 1 7 7 7 7 7 1 0 3 0 7 1 7 7 7 7 7 7 7 7 1 3 3 0 0 0 0 1 3 0 0 0 2 3 3 4 0 0 0 3 1 2 2 2 3 0 3 7 1 6 6 7 7 7 7 7 7 7 7 6 7 7 7 7 7 7 7 7 7 7 7 7 7 7 6 7 1 7 
SEE my alphas8
-nan -nan -217.178 -nan -216.518 -216.439 
my confidence: -nan
SEE my obs9
7 7 7 7 5 2 0 0 0 3 3 3 0 0 3 3 3 0 3 4 0 4 2 0 0 0 0 3 3 0 0 2 2 2 5 0 7 7 7 7 1 0 0 3 4 1 1 2 7 1 7 7 7 7 6 3 0 3 0 0 0 3 0 5 2 2 0 2 0 0 0 0 0 0 0 3 0 7 0 0 3 0 3 0 1 7 7 1 0 0 0 5 2 5 2 2 2 2 2 
SEE my alphas9
-nan -nan -217.485 -nan -216.886 -217.256 
my confidence: -nan
SEE my obs10
2 0 2 2 5 5 0 7 6 7 6 6 7 6 7 6 8 8 6 2 0 3 2 5 0 5 5 5 2 2 3 2 5 5 2 2 5 2 2 0 0 2 0 2 5 5 5 3 0 5 2 5 2 3 2 5 2 2 2 0 0 2 0 2 5 2 2 5 0 2 2 7 7 7 5 0 0 2 0 5 2 2 2 2 2 2 5 2 0 2 6 7 7 6 5 2 2 2 5 
SEE my alphas10
-nan -nan -216.864 -420.216 -217.757 -216.641 
my confidence: -nan
SEE my obs11
7 6 6 6 7 7 6 1 0 0 0 0 6 6 0 0 0 7 0 0 6 8 8 0 2 2 6 6 0 8 7 6 6 6 8 0 6 6 8 2 6 8 0 0 2 0 0 6 8 6 6 1 1 1 0 7 0 0 0 7 1 7 7 7 0 1 0 7 7 6 7 7 7 7 7 6 6 1 0 0 1 0 0 0 0 0 8 0 0 2 8 6 2 6 0 0 0 0 6 
SEE my alphas11
-453.269 -nan -217.819 -432.896 -217.584 -217.956 
my confidence: -nan
SEE my obs12
7 7 1 7 7 7 7 6 7 7 7 7 7 7 7 7 7 7 7 7 7 7 7 7 6 1 0 1 2 5 5 2 2 0 3 3 0 3 3 0 3 0 0 0 3 1 1 3 0 0 1 4 3 3 0 0 0 3 0 1 0 4 3 0 0 0 1 2 2 0 4 3 0 0 0 3 2 7 6 4 1 0 6 7 7 7 6 7 0 3 3 4 0 0 3 1 0 2 2 
SEE my alphas12
-nan -nan -217.443 -nan -216.652 -216.844 
my confidence: -nan
SEE my obs13
2 0 2 0 5 0 5 5 2 7 7 6 6 6 2 2 0 3 2 5 2 2 2 2 2 3 5 2 0 2 2 5 2 5 7 7 6 7 7 7 6 7 3 5 2 2 2 2 5 2 2 0 2 2 6 7 7 6 7 7 7 6 2 5 0 0 2 5 0 0 2 0 3 5 2 2 2 3 2 3 2 2 5 3 5 2 0 2 0 6 8 2 0 0 2 0 0 2 2 
SEE my alphas13
-nan -nan -216.968 -356.074 -217.476 -216.704 
my confidence: -nan
SEE my obs14
6 6 2 2 2 2 2 2 2 2 2 0 2 2 5 2 0 0 8 2 8 8 0 0 5 5 2 2 2 2 2 5 0 5 2 2 2 2 2 3 3 0 0 3 5 5 2 2 2 2 5 5 5 2 5 2 2 2 2 2 2 5 2 2 2 2 2 5 2 5 5 2 2 3 3 2 5 3 2 5 3 7 6 7 2 2 5 5 5 5 2 5 2 3 5 2 2 2 0 
SEE my alphas14
-nan -nan -216.763 -146.025 -217.824 -216.674 
my confidence: -nan
SEE my obs15
0 7 6 7 0 7 7 2 0 2 2 2 2 2 2 7 6 7 6 6 7 2 2 2 2 2 2 1 7 7 7 7 2 2 2 2 2 2 7 7 6 7 6 7 6 6 0 7 1 6 6 7 1 7 1 7 6 7 7 6 6 0 6 6 1 7 6 2 2 2 2 2 0 0 0 1 0 0 0 0 0 0 0 0 0 3 0 0 0 0 0 0 6 6 7 2 2 2 2 
SEE my alphas15
-nan -134.482 -217.179 -191.673 -217.249 -216.654 
my confidence: -nan
SEE my obs16
1 7 7 0 0 7 7 6 7 7 0 7 6 1 6 7 7 7 1 7 6 0 0 0 0 0 0 0 0 0 0 0 0 0 0 7 6 7 7 7 7 7 1 7 7 8 0 8 6 6 7 7 0 1 0 1 2 6 6 6 0 0 8 0 0 0 0 0 1 0 0 7 1 7 1 7 7 7 7 0 0 0 0 0 6 1 8 6 7 1 0 2 2 6 6 6 8 8 8 
SEE my alphas16
-269.806 -nan -217.57 -364.016 -217.17 -217.48 
my confidence: -nan
SEE my obs17
6 7 6 6 2 5 2 2 2 2 2 2 8 0 0 8 0 8 7 1 7 7 7 2 2 0 0 8 6 6 2 0 6 2 2 2 2 2 5 2 2 2 0 0 2 2 0 2 2 2 2 2 0 6 8 7 7 2 2 2 2 2 2 0 2 6 8 2 2 8 2 6 2 8 8 8 8 8 8 6 2 0 6 6 0 7 7 2 2 2 8 2 6 8 6 7 7 2 6 
SEE my alphas17
-nan -nan -217.251 -453.827 -217.793 -218.073 
my confidence: -nan
SEE my obs18
0 8 0 6 8 8 0 2 2 6 0 6 0 2 6 0 8 8 0 8 8 8 0 6 1 7 7 0 2 2 2 0 2 8 8 8 8 6 8 8 0 8 6 8 0 6 6 6 7 7 0 0 2 2 6 8 2 0 2 8 6 7 7 1 7 7 7 7 2 2 2 2 2 0 8 0 6 6 6 8 0 8 6 6 2 0 0 2 2 2 2 2 2 2 2 2 8 7 0 
SEE my alphas18
-225.799 -nan -217.667 -310.606 -217.865 -219.025 
my confidence: -nan
MYGUESSES
-1  
-1  
-1  
-1  
-1  
-1  
-1  
-1  
-1  
-1  
-1  
-1  
-1  
-1  
-1  
-1  
-1  
-1  
-1  
My score: -5
My score: -5
A0
5 5 0.000000 0.000000 0.324720 0.288843 0.380995 0.000000 0.968415 0.000000 0.031585 0.000000 0.706325 0.000000 0.291615 0.000000 0.000057 0.665193 0.000000 0.000000 0.334806 0.000001 0.022497 0.095381 0.171001 0.000000 0.622525

B0
5 9 0.000000 0.000000 0.000000 0.000000 0.000000 0.000000 0.000000 1.000000 0.000000 0.392249 0.031585 0.142133 0.000000 0.000000 0.000000 0.323485 0.000000 0.110548 0.000000 0.959975 0.000000 0.000000 0.000000 0.000000 0.000000 0.040025 0.000000 0.000000 0.000000 0.000000 0.000000 0.000000 0.000000 1.000000 0.000000 0.000000 0.110869 0.000000 0.000000 0.000000 0.000000 0.000000 0.000000 0.889131 0.000000

pi0
0  1  0  0  3.51383e-127  
timestep99
A1
5 5 0.000000 0.784853 0.071797 0.000000 0.143349 1.000000 0.000000 0.000000 0.000000 0.000000 0.000000 0.250188 0.499737 0.112533 0.137542 0.000000 0.000000 0.000000 0.000000 1.000000 0.000000 0.000000 0.047516 0.000000 0.936657

B1
5 9 0.856691 0.143309 0.000000 0.000000 0.000000 0.000000 0.000000 0.000000 0.000000 0.691586 0.000000 0.000000 0.308414 0.000000 0.000000 0.000000 0.000000 0.000000 0.000000 0.000000 0.749605 0.250395 0.000000 0.000000 0.000000 0.000000 0.000000 1.000000 0.000000 0.000000 0.000000 0.000000 0.000000 0.000000 0.000000 0.000000 0.097862 0.126616 0.000000 0.000000 0.000000 0.000000 0.300713 0.474809 0.000000

pi1
1  0  0  0  0  
timestep99
A2
5 5 0.194360 0.200726 0.203250 0.199639 0.202025 0.208047 0.210765 0.204723 0.207917 0.168548 0.208896 0.187662 0.211848 0.194993 0.196601 0.199670 0.207556 0.209748 0.202798 0.180229 0.219616 0.209918 0.195034 0.200794 0.174638

B2
5 9 0.111842 0.104837 0.106773 0.111409 0.118426 0.113840 0.104360 0.111507 0.117006 0.110244 0.109876 0.115246 0.106830 0.113388 0.105514 0.117650 0.112341 0.108911 0.112376 0.110625 0.115303 0.108642 0.104366 0.114293 0.111319 0.112901 0.110175 0.108172 0.115000 0.111985 0.105118 0.111948 0.113780 0.105476 0.114646 0.113874 0.109966 0.114779 0.113971 0.114554 0.112571 0.115951 0.110203 0.112119 0.095886

pi2
0.209697  0.196765  0.207951  0.192721  0.192866  
timestep99
A3
5 5 0.476886 0.000000 0.000000 0.000000 0.495477 0.000000 0.909921 0.054411 0.000000 0.035669 0.395632 0.000000 0.575090 0.003149 0.000476 0.139156 0.148380 0.124893 0.000000 0.587570 0.000022 0.000000 0.183553 0.739004 0.070369

B3
5 9 0.000199 0.000000 0.747899 0.000000 0.000000 0.251897 0.000000 0.000000 0.000004 0.055996 0.029500 0.000000 0.000000 0.000000 0.000000 0.265502 0.442503 0.206499 0.000000 0.000000 0.939275 0.000000 0.000000 0.000000 0.000000 0.000000 0.060725 0.282124 0.000000 0.000000 0.000000 0.000000 0.645620 0.000000 0.072257 0.000000 0.117605 0.000000 0.400006 0.482389 0.000000 0.000000 0.000000 0.000000 0.000000

pi3
0  1  0  1.58754e-115  0  
timestep99
A4
5 5 0.213975 0.193074 0.203066 0.214261 0.175624 0.193769 0.206431 0.196129 0.186131 0.217540 0.192360 0.198837 0.202790 0.204393 0.201620 0.193238 0.212226 0.205703 0.197569 0.191264 0.199610 0.193168 0.206072 0.198608 0.202541

B4
5 9 0.113429 0.108894 0.110570 0.115447 0.117178 0.113142 0.114640 0.106920 0.099780 0.116243 0.115885 0.113173 0.108121 0.109336 0.103332 0.108453 0.112622 0.112835 0.105358 0.110938 0.111594 0.111142 0.107853 0.114168 0.106533 0.111153 0.121261 0.112579 0.108854 0.108240 0.116485 0.110189 0.108064 0.111264 0.118302 0.106024 0.108868 0.110327 0.111182 0.115902 0.112421 0.108193 0.106713 0.119507 0.106888

pi4
0.197471  0.19398  0.20293  0.201854  0.203765  
timestep99
A5
5 5 0.201604 0.189960 0.206420 0.193501 0.208515 0.181708 0.196615 0.199078 0.194502 0.228097 0.193850 0.193467 0.197249 0.210324 0.205111 0.203036 0.204056 0.216486 0.204850 0.171572 0.195883 0.198036 0.199284 0.208998 0.197800

B5
5 9 0.109990 0.121478 0.111565 0.109037 0.120160 0.117152 0.109970 0.112705 0.087944 0.103685 0.115283 0.106699 0.111784 0.103982 0.105690 0.105991 0.115246 0.131640 0.113807 0.114348 0.110704 0.111298 0.117681 0.116162 0.118003 0.117085 0.080912 0.110491 0.112311 0.117012 0.110489 0.101453 0.113468 0.115757 0.112314 0.106705 0.109883 0.110492 0.116713 0.107007 0.116906 0.117600 0.107590 0.112154 0.101657

pi5
0.203598  0.202903  0.198867  0.19538  0.199252  
timestep99
SEE my obs0
1 7 1 7 7 6 1 7 7 7 0 4 0 0 1 0 0 3 1 2 2 2 2 2 2 7 7 6 3 0 3 3 0 3 0 0 1 4 0 3 0 0 0 3 3 0 0 0 5 5 0 7 7 7 7 7 7 7 7 7 7 1 7 7 7 6 1 1 7 7 7 7 6 7 7 7 7 4 2 2 7 7 7 7 6 1 7 7 6 6 7 1 7 7 3 0 7 7 7 
SEE my alphas0
-nan -nan -217.126 -nan -216.522 -216.288 
my confidence: -nan
SEE my obs1
2 2 2 2 0 2 2 0 0 8 0 2 2 2 6 6 6 6 6 6 7 7 6 0 2 2 8 0 2 6 6 2 7 0 7 7 2 2 2 2 2 2 2 2 2 2 2 2 2 2 2 2 2 2 2 2 2 2 2 0 2 0 8 6 6 0 2 2 2 6 6 0 2 2 2 2 2 2 0 6 1 7 7 6 6 7 8 8 6 2 8 8 0 2 2 6 0 8 6 
SEE my alphas1
-242.629 -nan -217.173 -444.526 -217.789 -217.486 
my confidence: -nan
SEE my obs2
8 8 2 0 8 6 1 0 7 7 1 7 1 6 6 2 2 6 0 2 8 7 1 6 7 7 6 0 0 0 1 7 7 6 0 0 0 1 0 0 1 0 0 6 7 7 7 6 0 0 8 6 0 6 1 7 6 7 7 0 0 8 8 0 8 0 8 8 6 6 0 8 8 6 8 0 8 2 6 0 0 2 1 7 1 7 6 7 7 7 6 6 7 6 1 6 7 0 0 
SEE my alphas2
-372.617 -nan -217.762 -300.083 -217.544 -218.091 
my confidence: -nan
SEE my obs3
0 2 8 0 6 0 8 2 8 0 0 2 6 0 0 0 0 8 6 8 6 2 2 6 8 0 0 0 2 0 0 6 0 2 8 8 2 6 0 2 7 7 0 6 8 7 7 0 7 7 6 1 7 0 0 0 0 0 0 0 1 0 1 0 7 7 0 0 0 0 0 1 0 6 0 2 6 7 6 7 7 1 7 7 0 0 6 7 0 0 0 0 0 6 6 0 8 6 0 
SEE my alphas3
-261.336 -nan -217.749 -345.018 -217.52 -218.277 
my confidence: -nan
SEE my obs4
1 7 7 7 6 6 7 0 6 7 6 2 0 8 7 2 2 2 0 0 2 2 2 2 2 2 2 5 2 2 2 0 2 2 2 8 0 2 2 2 2 2 2 2 2 2 2 2 2 5 2 0 0 0 2 2 2 2 6 2 2 6 6 8 8 6 8 2 2 2 2 2 6 8 2 0 6 0 8 6 6 7 6 6 7 2 6 6 6 6 1 1 7 2 2 0 8 6 8 
SEE my alphas4
-nan -nan -217.194 -295.36 -217.813 -217.457 
my confidence: -nan
SEE my obs5
7 7 1 0 3 0 0 0 3 4 2 0 0 3 1 0 0 1 3 0 0 3 0 0 0 3 1 2 2 7 7 0 7 7 7 1 7 7 7 7 6 7 7 6 7 0 7 7 7 6 7 0 0 1 0 3 3 3 0 0 0 0 0 3 3 3 0 0 1 2 2 2 5 2 5 3 1 2 1 3 0 7 7 1 7 7 6 7 7 6 7 7 7 7 7 1 7 7 7 
SEE my alphas5
-nan -nan -217.376 -nan -216.589 -216.699 
my confidence: -nan
SEE my obs6
0 2 0 2 2 2 0 6 1 6 1 2 2 2 2 2 2 2 2 2 8 2 8 2 7 7 7 7 7 0 7 7 7 7 2 2 2 2 2 2 2 2 0 2 2 2 2 0 2 2 2 0 2 2 8 2 0 8 0 6 0 6 2 6 2 8 8 8 0 6 0 6 6 2 0 8 6 6 7 6 2 2 2 2 2 2 8 0 8 8 8 0 6 8 8 8 6 0 0 
SEE my alphas6
-206.638 -nan -217.29 -331.968 -217.751 -218.179 
my confidence: -nan
SEE my obs7
5 2 2 5 5 2 0 5 5 2 0 5 0 0 2 0 2 5 2 2 2 2 0 0 2 2 2 2 2 2 5 5 6 7 7 7 7 6 6 7 7 6 7 7 6 7 6 7 2 2 2 2 8 2 0 2 2 2 2 2 2 2 2 5 5 2 2 5 5 3 0 5 2 2 0 2 2 6 7 6 7 8 0 0 8 8 6 6 8 2 0 0 0 0 5 2 0 5 5 
SEE my alphas7
-nan -nan -216.925 -400.618 -217.743 -216.95 
my confidence: -nan
SEE my obs8
2 6 2 2 2 2 5 2 2 2 2 2 2 2 2 2 2 0 5 5 3 2 2 2 2 2 5 2 2 2 3 2 2 0 5 2 5 3 2 2 5 3 0 5 0 0 2 5 3 2 2 2 2 2 2 5 2 2 5 0 5 0 2 2 2 2 2 2 5 5 7 7 2 2 5 2 2 2 0 2 5 5 2 5 8 0 8 0 2 0 2 6 7 8 7 7 0 2 0 
SEE my alphas8
-nan -nan -216.718 -356.113 -217.72 -216.73 
my confidence: -nan
MYGUESSES
-1  
-1  
-1  
-1  
-1  
-1  
-1  
-1  
-1  
My score: -5
My score: -5
A0
5 5 0.000000 0.000000 0.324720 0.288843 0.380995 0.000000 0.968415 0.000000 0.031585 0.000000 0.706325 0.000000 0.291615 0.000000 0.000057 0.665193 0.000000 0.000000 0.334806 0.000001 0.022497 0.095381 0.171001 0.000000 0.622525

B0
5 9 0.000000 0.000000 0.000000 0.000000 0.000000 0.000000 0.000000 1.000000 0.000000 0.392249 0.031585 0.142133 0.000000 0.000000 0.000000 0.323485 0.000000 0.110548 0.000000 0.959975 0.000000 0.000000 0.000000 0.000000 0.000000 0.040025 0.000000 0.000000 0.000000 0.000000 0.000000 0.000000 0.000000 1.000000 0.000000 0.000000 0.110869 0.000000 0.000000 0.000000 0.000000 0.000000 0.000000 0.889131 0.000000

pi0
0  1  0  0  3.51383e-127  
timestep99
A1
5 5 0.000000 0.784853 0.071797 0.000000 0.143349 1.000000 0.000000 0.000000 0.000000 0.000000 0.000000 0.250188 0.499737 0.112533 0.137542 0.000000 0.000000 0.000000 0.000000 1.000000 0.000000 0.000000 0.047516 0.000000 0.936657

B1
5 9 0.856691 0.143309 0.000000 0.000000 0.000000 0.000000 0.000000 0.000000 0.000000 0.691586 0.000000 0.000000 0.308414 0.000000 0.000000 0.000000 0.000000 0.000000 0.000000 0.000000 0.749605 0.250395 0.000000 0.000000 0.000000 0.000000 0.000000 1.000000 0.000000 0.000000 0.000000 0.000000 0.000000 0.000000 0.000000 0.000000 0.097862 0.126616 0.000000 0.000000 0.000000 0.000000 0.300713 0.474809 0.000000

pi1
1  0  0  0  0  
timestep99
A2
5 5 0.194360 0.200726 0.203250 0.199639 0.202025 0.208047 0.210765 0.204723 0.207917 0.168548 0.208896 0.187662 0.211848 0.194993 0.196601 0.199670 0.207556 0.209748 0.202798 0.180229 0.219616 0.209918 0.195034 0.200794 0.174638

B2
5 9 0.111842 0.104837 0.106773 0.111409 0.118426 0.113840 0.104360 0.111507 0.117006 0.110244 0.109876 0.115246 0.106830 0.113388 0.105514 0.117650 0.112341 0.108911 0.112376 0.110625 0.115303 0.108642 0.104366 0.114293 0.111319 0.112901 0.110175 0.108172 0.115000 0.111985 0.105118 0.111948 0.113780 0.105476 0.114646 0.113874 0.109966 0.114779 0.113971 0.114554 0.112571 0.115951 0.110203 0.112119 0.095886

pi2
0.209697  0.196765  0.207951  0.192721  0.192866  
timestep99
A3
5 5 0.476886 0.000000 0.000000 0.000000 0.495477 0.000000 0.909921 0.054411 0.000000 0.035669 0.395632 0.000000 0.575090 0.003149 0.000476 0.139156 0.148380 0.124893 0.000000 0.587570 0.000022 0.000000 0.183553 0.739004 0.070369

B3
5 9 0.000199 0.000000 0.747899 0.000000 0.000000 0.251897 0.000000 0.000000 0.000004 0.055996 0.029500 0.000000 0.000000 0.000000 0.000000 0.265502 0.442503 0.206499 0.000000 0.000000 0.939275 0.000000 0.000000 0.000000 0.000000 0.000000 0.060725 0.282124 0.000000 0.000000 0.000000 0.000000 0.645620 0.000000 0.072257 0.000000 0.117605 0.000000 0.400006 0.482389 0.000000 0.000000 0.000000 0.000000 0.000000

pi3
0  1  0  1.58754e-115  0  
timestep99
A4
5 5 0.213975 0.193074 0.203066 0.214261 0.175624 0.193769 0.206431 0.196129 0.186131 0.217540 0.192360 0.198837 0.202790 0.204393 0.201620 0.193238 0.212226 0.205703 0.197569 0.191264 0.199610 0.193168 0.206072 0.198608 0.202541

B4
5 9 0.113429 0.108894 0.110570 0.115447 0.117178 0.113142 0.114640 0.106920 0.099780 0.116243 0.115885 0.113173 0.108121 0.109336 0.103332 0.108453 0.112622 0.112835 0.105358 0.110938 0.111594 0.111142 0.107853 0.114168 0.106533 0.111153 0.121261 0.112579 0.108854 0.108240 0.116485 0.110189 0.108064 0.111264 0.118302 0.106024 0.108868 0.110327 0.111182 0.115902 0.112421 0.108193 0.106713 0.119507 0.106888

pi4
0.197471  0.19398  0.20293  0.201854  0.203765  
timestep99
A5
5 5 0.201604 0.189960 0.206420 0.193501 0.208515 0.181708 0.196615 0.199078 0.194502 0.228097 0.193850 0.193467 0.197249 0.210324 0.205111 0.203036 0.204056 0.216486 0.204850 0.171572 0.195883 0.198036 0.199284 0.208998 0.197800

B5
5 9 0.109990 0.121478 0.111565 0.109037 0.120160 0.117152 0.109970 0.112705 0.087944 0.103685 0.115283 0.106699 0.111784 0.103982 0.105690 0.105991 0.115246 0.131640 0.113807 0.114348 0.110704 0.111298 0.117681 0.116162 0.118003 0.117085 0.080912 0.110491 0.112311 0.117012 0.110489 0.101453 0.113468 0.115757 0.112314 0.106705 0.109883 0.110492 0.116713 0.107007 0.116906 0.117600 0.107590 0.112154 0.101657

pi5
0.203598  0.202903  0.198867  0.19538  0.199252  
timestep99
SEE my obs0
0 2 5 2 2 2 2 0 2 2 2 2 0 5 2 0 2 2 2 0 0 0 2 2 0 2 3 2 2 5 8 0 0 2 5 2 2 2 7 6 6 7 7 6 7 7 7 7 7 7 7 0 7 7 8 6 6 6 8 7 7 7 1 7 5 3 2 2 5 2 2 2 2 5 2 2 2 0 5 3 2 2 5 0 2 2 2 2 2 2 2 2 2 7 6 6 8 0 0 
SEE my alphas0
-nan -nan -216.881 -183.76 -217.43 -216.85 
my confidence: -nan
SEE my obs1
7 7 7 6 7 1 7 7 7 6 7 6 0 0 0 0 0 0 0 0 1 0 0 0 1 1 3 6 7 6 0 6 7 7 6 7 7 7 6 7 0 7 7 7 0 6 0 7 7 1 7 7 7 2 0 0 6 7 0 1 0 7 6 2 2 2 2 0 0 3 0 0 0 0 0 0 0 3 0 0 0 0 0 0 0 0 3 0 0 7 6 0 0 0 3 0 0 0 7 
SEE my alphas1
-nan -nan -217.538 -332.027 -216.922 -217.206 
my confidence: -nan
SEE my obs2
1 0 4 0 0 0 0 7 6 6 1 7 7 1 7 7 1 0 0 6 2 0 2 6 1 7 1 7 6 7 7 0 7 7 7 7 2 2 2 2 2 2 2 2 2 2 2 2 0 0 0 1 0 4 0 0 0 0 0 3 0 6 6 7 1 6 7 0 0 0 0 0 3 0 0 0 0 0 0 3 0 0 0 0 0 0 1 0 0 0 0 0 0 0 0 0 0 3 0 
SEE my alphas2
-nan -nan -217.524 -nan -217.167 -217.317 
my confidence: -nan
SEE my obs3
7 7 7 7 7 7 6 7 1 4 0 0 0 0 0 0 0 7 7 7 7 7 2 2 2 2 2 2 2 5 1 7 1 1 1 6 1 1 7 1 7 7 0 3 0 0 5 2 5 0 0 0 0 0 0 3 0 0 0 7 1 0 0 0 0 4 0 0 3 0 3 2 0 2 2 5 3 0 0 3 2 0 3 3 3 3 7 7 7 7 7 7 7 7 7 7 7 6 7 
SEE my alphas3
-nan -nan -217.253 -nan -216.736 -216.744 
my confidence: -nan
SEE my obs4
0 0 2 2 2 2 2 2 2 2 2 1 7 2 2 2 2 2 7 1 7 7 2 2 2 2 2 2 7 6 1 7 7 6 1 0 7 7 7 7 1 1 1 7 7 7 7 7 3 3 0 0 0 0 3 0 0 0 0 0 0 0 0 0 0 0 0 3 0 0 0 3 0 0 0 0 0 0 4 0 0 0 0 0 0 0 1 3 0 0 0 0 0 0 0 0 0 0 0 
SEE my alphas4
-nan -nan -217.394 -nan -217.027 -217.285 
my confidence: -nan
SEE my obs5
0 0 0 3 3 6 7 7 7 1 0 3 0 3 0 0 3 3 3 3 0 3 3 3 3 1 4 0 0 0 3 0 1 0 3 4 3 3 3 0 0 3 0 0 4 0 3 7 7 7 7 7 3 0 3 3 0 3 0 0 1 1 0 0 0 0 0 1 2 7 1 7 7 7 5 5 3 3 2 5 5 2 0 3 0 0 3 0 3 0 0 7 7 7 0 0 3 3 2 
SEE my alphas5
-nan -nan -217.892 -nan -216.598 -217.543 
my confidence: -nan
SEE my obs6
0 0 6 7 7 1 7 1 0 1 7 7 7 1 7 7 6 7 7 7 7 7 7 7 1 7 7 7 7 0 2 2 2 2 2 5 7 7 7 7 7 1 1 7 7 7 1 7 7 6 7 7 7 1 7 7 7 7 7 7 6 7 1 7 7 7 7 7 7 7 7 7 7 7 6 7 7 7 7 7 1 6 7 1 7 7 6 7 7 7 6 7 7 7 7 0 0 1 0 
SEE my alphas6
-nan -nan -216.67 -146.63 -216.176 -215.469 
my confidence: -nan
SEE my obs7
2 7 0 0 1 0 0 3 0 3 0 1 0 0 0 3 0 4 4 0 7 7 7 7 0 0 0 3 0 0 1 0 0 3 0 2 2 2 2 7 7 6 7 7 6 7 6 7 7 7 1 7 7 7 7 7 3 0 0 3 3 0 0 1 2 2 2 2 2 5 3 0 0 0 1 2 2 0 0 0 1 0 2 2 2 2 2 3 2 5 2 7 6 0 4 5 5 2 0 
SEE my alphas7
-nan -nan -217.298 -nan -216.985 -216.967 
my confidence: -nan
MYGUESSES
-1  
-1  
-1  
-1  
-1  
-1  
-1  
-1  
My score: -5
My score: -5
A0
5 5 0.000000 0.000000 0.324720 0.288843 0.380995 0.000000 0.968415 0.000000 0.031585 0.000000 0.706325 0.000000 0.291615 0.000000 0.000057 0.665193 0.000000 0.000000 0.334806 0.000001 0.022497 0.095381 0.171001 0.000000 0.622525

B0
5 9 0.000000 0.000000 0.000000 0.000000 0.000000 0.000000 0.000000 1.000000 0.000000 0.392249 0.031585 0.142133 0.000000 0.000000 0.000000 0.323485 0.000000 0.110548 0.000000 0.959975 0.000000 0.000000 0.000000 0.000000 0.000000 0.040025 0.000000 0.000000 0.000000 0.000000 0.000000 0.000000 0.000000 1.000000 0.000000 0.000000 0.110869 0.000000 0.000000 0.000000 0.000000 0.000000 0.000000 0.889131 0.000000

pi0
0  1  0  0  3.51383e-127  
timestep99
A1
5 5 0.000000 0.784853 0.071797 0.000000 0.143349 1.000000 0.000000 0.000000 0.000000 0.000000 0.000000 0.250188 0.499737 0.112533 0.137542 0.000000 0.000000 0.000000 0.000000 1.000000 0.000000 0.000000 0.047516 0.000000 0.936657

B1
5 9 0.856691 0.143309 0.000000 0.000000 0.000000 0.000000 0.000000 0.000000 0.000000 0.691586 0.000000 0.000000 0.308414 0.000000 0.000000 0.000000 0.000000 0.000000 0.000000 0.000000 0.749605 0.250395 0.000000 0.000000 0.000000 0.000000 0.000000 1.000000 0.000000 0.000000 0.000000 0.000000 0.000000 0.000000 0.000000 0.000000 0.097862 0.126616 0.000000 0.000000 0.000000 0.000000 0.300713 0.474809 0.000000

pi1
1  0  0  0  0  
timestep99
A2
5 5 0.194360 0.200726 0.203250 0.199639 0.202025 0.208047 0.210765 0.204723 0.207917 0.168548 0.208896 0.187662 0.211848 0.194993 0.196601 0.199670 0.207556 0.209748 0.202798 0.180229 0.219616 0.209918 0.195034 0.200794 0.174638

B2
5 9 0.111842 0.104837 0.106773 0.111409 0.118426 0.113840 0.104360 0.111507 0.117006 0.110244 0.109876 0.115246 0.106830 0.113388 0.105514 0.117650 0.112341 0.108911 0.112376 0.110625 0.115303 0.108642 0.104366 0.114293 0.111319 0.112901 0.110175 0.108172 0.115000 0.111985 0.105118 0.111948 0.113780 0.105476 0.114646 0.113874 0.109966 0.114779 0.113971 0.114554 0.112571 0.115951 0.110203 0.112119 0.095886

pi2
0.209697  0.196765  0.207951  0.192721  0.192866  
timestep99
A3
5 5 0.476886 0.000000 0.000000 0.000000 0.495477 0.000000 0.909921 0.054411 0.000000 0.035669 0.395632 0.000000 0.575090 0.003149 0.000476 0.139156 0.148380 0.124893 0.000000 0.587570 0.000022 0.000000 0.183553 0.739004 0.070369

B3
5 9 0.000199 0.000000 0.747899 0.000000 0.000000 0.251897 0.000000 0.000000 0.000004 0.055996 0.029500 0.000000 0.000000 0.000000 0.000000 0.265502 0.442503 0.206499 0.000000 0.000000 0.939275 0.000000 0.000000 0.000000 0.000000 0.000000 0.060725 0.282124 0.000000 0.000000 0.000000 0.000000 0.645620 0.000000 0.072257 0.000000 0.117605 0.000000 0.400006 0.482389 0.000000 0.000000 0.000000 0.000000 0.000000

pi3
0  1  0  1.58754e-115  0  
timestep99
A4
5 5 0.213975 0.193074 0.203066 0.214261 0.175624 0.193769 0.206431 0.196129 0.186131 0.217540 0.192360 0.198837 0.202790 0.204393 0.201620 0.193238 0.212226 0.205703 0.197569 0.191264 0.199610 0.193168 0.206072 0.198608 0.202541

B4
5 9 0.113429 0.108894 0.110570 0.115447 0.117178 0.113142 0.114640 0.106920 0.099780 0.116243 0.115885 0.113173 0.108121 0.109336 0.103332 0.108453 0.112622 0.112835 0.105358 0.110938 0.111594 0.111142 0.107853 0.114168 0.106533 0.111153 0.121261 0.112579 0.108854 0.108240 0.116485 0.110189 0.108064 0.111264 0.118302 0.106024 0.108868 0.110327 0.111182 0.115902 0.112421 0.108193 0.106713 0.119507 0.106888

pi4
0.197471  0.19398  0.20293  0.201854  0.203765  
timestep99
A5
5 5 0.201604 0.189960 0.206420 0.193501 0.208515 0.181708 0.196615 0.199078 0.194502 0.228097 0.193850 0.193467 0.197249 0.210324 0.205111 0.203036 0.204056 0.216486 0.204850 0.171572 0.195883 0.198036 0.199284 0.208998 0.197800

B5
5 9 0.109990 0.121478 0.111565 0.109037 0.120160 0.117152 0.109970 0.112705 0.087944 0.103685 0.115283 0.106699 0.111784 0.103982 0.105690 0.105991 0.115246 0.131640 0.113807 0.114348 0.110704 0.111298 0.117681 0.116162 0.118003 0.117085 0.080912 0.110491 0.112311 0.117012 0.110489 0.101453 0.113468 0.115757 0.112314 0.106705 0.109883 0.110492 0.116713 0.107007 0.116906 0.117600 0.107590 0.112154 0.101657

pi5
0.203598  0.202903  0.198867  0.19538  0.199252  
timestep99
SEE my obs0
0 7 1 7 3 4 0 0 2 2 2 2 5 2 5 0 0 1 0 3 2 2 2 3 0 0 0 0 0 0 0 1 0 0 7 7 7 6 7 1 7 7 7 7 7 7 7 7 0 7 7 7 7 7 7 7 7 3 0 1 0 0 0 0 3 0 0 0 3 0 0 3 3 0 3 0 0 2 2 2 7 7 1 2 5 5 2 2 5 5 7 7 7 6 7 7 7 7 7 
SEE my alphas0
-nan -nan -217.126 -nan -216.709 -216.675 
my confidence: -nan
SEE my obs1
7 7 7 7 6 7 7 7 7 7 6 7 6 7 1 7 6 8 0 2 0 0 2 2 6 6 6 7 7 6 7 6 6 7 6 7 6 7 7 7 7 6 7 0 7 2 5 2 2 0 2 2 2 2 0 2 2 2 2 5 2 7 7 7 7 6 1 6 8 6 7 7 7 7 6 7 7 6 6 0 0 6 6 6 2 0 0 2 5 2 2 2 2 2 0 5 2 2 0 
SEE my alphas1
-nan -nan -217.035 -167.423 -217.197 -216.484 
my confidence: -nan
SEE my obs2
6 6 7 7 7 7 7 7 7 6 7 7 7 7 7 7 7 7 7 7 7 7 2 2 2 2 5 2 2 7 7 7 2 2 2 5 5 0 2 2 2 0 2 5 2 5 2 0 2 5 2 5 2 2 5 2 2 2 2 2 5 3 2 5 2 5 2 5 2 5 2 2 2 2 2 5 5 5 0 5 3 7 7 2 2 2 2 5 2 2 2 7 7 6 7 7 7 7 7 
SEE my alphas2
-nan -nan -216.403 -123.827 -217.163 -215.825 
my confidence: -nan
SEE my obs3
2 2 2 6 7 1 6 1 7 7 1 6 6 0 1 7 6 1 7 7 7 7 7 0 6 6 6 1 2 0 6 2 2 2 2 0 3 0 3 0 7 7 7 7 6 7 0 3 0 0 1 0 3 0 1 7 7 7 7 1 1 7 6 7 2 2 2 2 2 0 0 0 3 0 0 3 3 0 0 0 0 0 0 1 1 7 7 1 7 1 6 2 2 2 2 6 7 7 7 
SEE my alphas3
-nan -nan -217.336 -417.764 -216.979 -216.536 
my confidence: -nan
SEE my obs4
0 7 7 1 0 0 0 0 0 2 2 2 0 0 1 0 0 0 0 1 0 3 3 2 0 0 7 0 7 6 7 7 7 7 7 7 7 7 7 1 7 1 7 1 7 7 7 7 1 7 0 0 3 0 1 3 0 3 0 1 0 3 5 2 2 3 1 2 5 2 2 3 3 1 0 0 2 6 7 6 7 7 1 7 7 6 3 0 2 2 5 5 5 2 2 5 7 7 7 
SEE my alphas4
-nan -nan -217.223 -283.167 -216.825 -216.539 
my confidence: -nan
SEE my obs5
3 3 3 0 1 0 0 0 2 5 2 2 5 5 2 2 2 2 2 2 2 5 0 3 0 3 0 3 4 3 1 0 0 0 0 3 0 3 7 7 6 7 1 1 3 1 0 0 3 0 0 0 0 0 0 2 0 5 7 7 6 7 1 6 7 7 7 7 3 0 0 0 2 2 5 7 7 7 6 0 7 1 6 7 6 7 7 7 3 0 0 1 0 0 1 3 3 0 0 
SEE my alphas5
-nan -nan -217.504 -nan -216.964 -217.017 
my confidence: -nan
SEE my obs6
0 0 1 0 0 1 0 0 3 3 0 0 3 0 0 1 0 0 1 3 4 0 0 0 0 7 0 7 1 7 6 7 6 1 1 6 1 1 2 2 2 6 1 6 6 7 1 7 1 1 6 7 6 0 7 1 2 2 2 1 7 0 6 7 7 7 6 1 7 7 6 7 7 1 7 1 1 6 3 0 3 0 0 0 3 3 0 3 0 0 0 0 0 0 0 0 3 0 0 
SEE my alphas6
-nan -nan -217.713 -nan -217.079 -216.934 
my confidence: -nan
SEE my obs7
7 7 7 7 6 6 7 7 7 0 1 0 0 0 0 0 7 0 6 3 0 0 0 7 1 7 7 7 6 6 7 6 7 1 7 7 6 1 7 6 6 6 6 7 7 7 0 0 0 6 6 0 6 1 1 7 0 1 0 0 0 0 1 6 6 1 1 7 7 7 7 7 1 7 7 6 7 7 1 7 6 6 6 0 7 0 0 8 2 6 0 0 0 0 2 0 0 6 0 
SEE my alphas7
-nan -nan -217.506 -227.878 -217.075 -216.733 
my confidence: -nan
SEE my obs8
0 0 0 0 0 1 0 0 0 0 1 0 0 3 7 7 6 0 3 0 0 4 0 0 0 3 1 3 0 0 0 0 0 0 1 2 2 2 2 2 5 2 7 7 7 7 7 7 1 6 1 7 6 6 6 7 6 1 1 7 6 7 6 7 0 1 7 7 6 0 7 1 7 1 6 6 7 6 7 7 7 7 7 0 1 1 0 1 7 7 1 6 7 7 2 2 2 2 0 
SEE my alphas8
-nan -nan -217.375 -nan -217.013 -216.586 
my confidence: -nan
SEE my obs9
2 2 5 7 2 2 0 2 0 5 2 5 0 2 2 0 2 2 3 5 3 0 2 2 2 2 5 0 2 5 5 2 2 2 7 7 7 8 3 5 5 3 0 5 0 5 0 2 5 3 5 2 2 2 5 6 7 7 6 7 2 8 6 7 6 5 2 2 2 2 5 5 2 5 8 6 6 6 5 2 5 5 5 2 2 5 3 2 2 2 5 3 0 2 5 2 2 2 2 
SEE my alphas9
-nan -nan -216.848 -447.912 -217.777 -216.618 
my confidence: -nan
SEE my obs10
7 7 7 0 1 7 7 0 0 8 2 2 6 8 6 6 0 0 0 0 7 0 1 0 0 0 0 0 0 0 0 0 7 0 0 8 0 6 2 6 0 0 0 8 7 7 1 7 7 7 6 6 6 7 6 0 6 0 7 6 6 7 1 7 0 0 0 0 0 0 0 1 1 0 0 8 7 6 1 7 1 7 0 0 6 2 6 6 6 2 0 8 8 2 6 0 6 2 8 
SEE my alphas10
-516.7 -nan -217.717 -549.357 -217.447 -217.864 
my confidence: -nan
SEE my obs11
0 0 0 0 0 0 0 1 3 1 0 0 3 0 0 0 3 4 0 0 0 0 0 0 1 3 1 1 0 0 3 0 0 0 1 0 0 0 0 3 0 0 0 0 0 0 3 0 0 0 1 0 1 0 0 6 6 7 6 7 7 7 7 7 1 6 1 6 7 7 7 7 6 0 7 7 7 7 7 0 0 7 0 6 1 1 7 6 1 7 1 7 7 6 2 0 2 2 2 
SEE my alphas11
-nan -nan -217.653 -nan -217.004 -217.161 
my confidence: -nan
MYGUESSES
-1  
-1  
-1  
-1  
-1  
-1  
-1  
-1  
-1  
-1  
-1  
-1  
My score: -5
Final score: -5
